"Y" "school" "LRT" "VR.1" "VR.2" "Gender" "School.gender.1" "School.gender.2" "School.denom.1" "School.denom.2" "School.denom.3"
"1" -0.6058763 "1" -10.6193 0 0 1 0 0 0 0 0
"2" 0.9911532 "1" 8.3807 1 0 1 0 0 0 0 0
"3" -1.5640939 "1" -12.6193 0 0 0 0 0 0 0 0
"4" 0.112787 "1" 14.3807 0 1 1 0 0 0 0 0
"5" 0.7515988 "1" 9.3807 1 0 0 0 0 0 0 0
"6" 0.5918959 "1" 2.3807 0 1 1 0 0 0 0 0
"7" 0.7515988 "1" 9.3807 0 1 1 0 0 0 0 0
"8" -1.0849851 "1" -7.6193 0 1 0 0 0 0 0 0
"9" -1.8036484 "1" -4.6193 0 1 0 0 0 0 0 0
"10" 1.3904106 "1" 0.3807 0 1 1 0 0 0 0 0
"11" 0.9113018 "1" 2.3807 0 1 0 0 0 0 0 0
"12" 0.4321929 "1" -3.6193 0 1 1 0 0 0 0 0
"13" 1.1508562 "1" 4.3807 0 1 0 0 0 0 0 0
"14" -0.3663218 "1" -1.6193 0 1 0 0 0 0 0 0
"15" 1.5501135 "1" 14.3807 1 0 1 0 0 0 0 0
"16" -0.2066189 "1" -10.6193 0 1 0 0 0 0 0 0
"17" 0.3523414 "1" 6.3807 0 1 1 0 0 0 0 0
"18" 0.4321929 "1" 14.3807 1 0 1 0 0 0 0 0
"19" -0.9252821 "1" -4.6193 0 1 1 0 0 0 0 0
"20" 1.0710047 "1" 1.3807 0 1 0 0 0 0 0 0
"21" -0.3663218 "1" -9.6193 0 1 0 0 0 0 0 0
"22" -0.1267674 "1" -7.6193 0 1 0 0 0 0 0 0
"23" -1.244688 "1" -1.6193 0 1 0 0 0 0 0 0
"24" -0.2864704 "1" -7.6193 0 1 1 0 0 0 0 0
"25" -0.4461733 "1" 14.3807 0 1 1 0 0 0 0 0
"26" -0.5260248 "1" -14.6193 0 1 0 0 0 0 0 0
"27" 0.1926385 "1" 11.3807 1 0 1 0 0 0 0 0
"28" -1.4842425 "1" -18.6193 0 0 0 0 0 0 0 0
"29" 1.1508562 "1" 10.3807 1 0 1 0 0 0 0 0
"30" -0.2066189 "1" 15.3807 1 0 0 0 0 0 0 0
"31" -1.404391 "1" -9.6193 0 0 0 0 0 0 0 0
"32" -0.6857277 "1" -22.6193 0 0 1 0 0 0 0 0
"33" 0.112787 "1" 19.3807 1 0 0 0 0 0 0 0
"34" 0.27249 "1" 10.3807 0 1 1 0 0 0 0 0
"35" 1.1508562 "1" 5.3807 0 1 1 0 0 0 0 0
"36" 0.112787 "1" -1.6193 0 1 0 0 0 0 0 0
"37" -0.5260248 "1" 10.3807 0 1 1 0 0 0 0 0
"38" 0.3523414 "1" 1.3807 0 1 1 0 0 0 0 0
"39" 1.1508562 "1" -6.6193 0 1 1 0 0 0 0 0
"40" 0.27249 "1" -13.6193 0 1 0 0 0 0 0 0
"41" -0.1267674 "1" -7.6193 0 1 1 0 0 0 0 0
"42" 0.5120444 "1" -3.6193 0 1 0 0 0 0 0 0
"43" 0.5120444 "1" 16.3807 0 1 0 0 0 0 0 0
"44" 0.9113018 "1" 8.3807 1 0 0 0 0 0 0 0
"45" 0.9113018 "1" 1.3807 1 0 1 0 0 0 0 0
"46" -1.0051336 "1" -0.6193 0 1 0 0 0 0 0 0
"47" 0.1926385 "1" 6.3807 0 1 1 0 0 0 0 0
"48" -0.5260247 "2" -13.6193 0 0 1 0 0 1 0 0
"49" -0.6857277 "2" -8.6193 0 1 0 0 0 1 0 0
"50" -0.9252821 "2" -20.6193 0 0 1 0 0 1 0 0
"51" 0.4321929 "2" -2.6193 0 1 1 0 0 1 0 0
"52" 0.2724899 "2" 13.3807 1 0 1 0 0 1 0 0
"53" 0.7515988 "2" 3.3807 0 1 1 0 0 1 0 0
"54" -0.5260247 "2" -8.6193 0 1 1 0 0 1 0 0
"55" -0.3663218 "2" 8.3807 1 0 0 0 0 1 0 0
"56" -1.6439454 "2" -5.6193 0 1 0 0 0 1 0 0
"57" -1.5640939 "2" -12.6193 0 0 0 0 0 1 0 0
"58" 0.2724899 "2" 0.3807 0 1 1 0 0 1 0 0
"59" -1.4043909 "2" -22.6193 0 0 0 0 0 1 0 0
"60" 0.1926384 "2" -4.6193 0 1 1 0 0 1 0 0
"61" -1.1648365 "2" -34.6193 0 0 0 0 0 1 0 0
"62" -0.6058762 "2" -1.6193 0 1 1 0 0 1 0 0
"63" 1.8695194 "2" 18.3807 1 0 1 0 0 1 0 0
"64" 1.3904105 "2" 16.3807 1 0 0 0 0 1 0 0
"65" -1.7237968 "2" -12.6193 0 1 1 0 0 1 0 0
"66" -1.244688 "2" 8.3807 0 1 1 0 0 1 0 0
"67" 2.6680341 "2" 20.3807 1 0 1 0 0 1 0 0
"68" -1.3245395 "2" -24.6193 0 0 0 0 0 1 0 0
"69" -1.3245395 "2" -11.6193 0 1 0 0 0 1 0 0
"70" -0.8454306 "2" -9.6193 0 0 1 0 0 1 0 0
"71" -0.2066188 "2" -3.6193 0 1 0 0 0 1 0 0
"72" -1.0051336 "2" -3.6193 0 1 1 0 0 1 0 0
"73" 0.4321929 "2" -2.6193 0 1 0 0 0 1 0 0
"74" -0.3663218 "2" -3.6193 0 1 0 0 0 1 0 0
"75" -0.1267674 "2" 4.3807 0 1 1 0 0 1 0 0
"76" -1.1648365 "2" -1.6193 0 1 0 0 0 1 0 0
"77" -2.0432027 "2" -17.6193 0 0 0 0 0 1 0 0
"78" 0.5120443 "2" -2.6193 0 1 1 0 0 1 0 0
"79" 1.1508561 "2" 15.3807 1 0 0 0 0 1 0 0
"80" -0.5260247 "2" -19.6193 0 0 0 0 0 1 0 0
"81" 0.7515988 "2" -2.6193 1 0 0 0 0 1 0 0
"82" -0.3663218 "2" -2.6193 0 1 0 0 0 1 0 0
"83" 0.112787 "2" 10.3807 0 1 1 0 0 1 0 0
"84" -0.1267674 "2" 3.3807 0 1 1 0 0 1 0 0
"85" 1.2307076 "2" 35.3807 1 0 1 0 0 1 0 0
"86" 1.470262 "2" 5.3807 1 0 1 0 0 1 0 0
"87" 1.2307076 "2" 12.3807 0 1 0 0 0 1 0 0
"88" 1.3105591 "2" -13.6193 0 1 1 0 0 1 0 0
"89" 0.6717473 "2" 16.3807 1 0 1 0 0 1 0 0
"90" -1.3245395 "2" -23.6193 0 0 1 0 0 1 0 0
"91" -0.3663218 "2" -5.6193 0 1 1 0 0 1 0 0
"92" 1.0710047 "2" 0.3807 0 1 1 0 0 1 0 0
"93" -0.0469159 "2" -11.6193 0 0 0 0 0 1 0 0
"94" 0.6717473 "2" -0.6193 0 1 1 0 0 1 0 0
"95" -0.6058762 "2" -2.6193 0 1 0 0 0 1 0 0
"96" -1.0849851 "2" -1.6193 0 1 1 0 0 1 0 0
"97" -0.5260247 "2" 20.3807 1 0 0 0 0 1 0 0
"98" 1.5501135 "2" 5.3807 0 1 1 0 0 1 0 0
"99" 0.2724899 "2" 5.3807 0 1 0 0 0 1 0 0
"100" 0.3523414 "2" 7.3807 1 0 1 0 0 1 0 0
"101" 2.1090738 "2" 20.3807 1 0 1 0 0 1 0 0
"102" -0.6058762 "2" -0.6193 0 1 1 0 0 1 0 0
"103" 1.0710047 "2" 9.3807 0 1 1 0 0 1 0 0
"104" 0.4321929 "2" 1.3807 0 1 0 0 0 1 0 0
"105" -1.1648365 "2" -10.6193 0 1 1 0 0 1 0 0
"106" -0.0469159 "2" -0.6193 1 0 1 0 0 1 0 0
"107" -1.244688 "2" -4.6193 0 1 1 0 0 1 0 0
"108" -0.1267674 "2" 1.3807 0 1 0 0 0 1 0 0
"109" -0.5260247 "2" -4.6193 0 1 0 0 0 1 0 0
"110" 2.0292223 "3" 16.3807 1 0 1 0 0 0 0 0
"111" 0.6717473 "3" -3.6193 0 1 0 0 0 0 0 0
"112" 0.5918958 "3" 8.3807 1 0 0 0 0 0 0 0
"113" -0.2066188 "3" 3.3807 0 1 0 0 0 0 0 0
"114" 1.470262 "3" 9.3807 0 1 1 0 0 0 0 0
"115" 0.4321929 "3" 3.3807 0 1 1 0 0 0 0 0
"116" -0.7655792 "3" 3.3807 0 1 0 0 0 0 0 0
"117" 0.5918958 "3" 1.3807 0 1 0 0 0 0 0 0
"118" -0.4461733 "3" 9.3807 1 0 0 0 0 0 0 0
"119" 0.0329355 "3" -2.6193 0 1 1 0 0 0 0 0
"120" 1.2307076 "3" 11.3807 0 1 1 0 0 0 0 0
"121" -0.7655792 "3" -24.6193 0 0 1 0 0 0 0 0
"122" 0.4321929 "3" 7.3807 1 0 0 0 0 0 0 0
"123" -0.7655792 "3" 10.3807 1 0 0 0 0 0 0 0
"124" 0.3523414 "3" -6.6193 0 1 1 0 0 0 0 0
"125" 0.5918958 "3" 27.3807 1 0 0 0 0 0 0 0
"126" -1.4043909 "3" -1.6193 0 0 1 0 0 0 0 0
"127" 1.7896679 "3" 18.3807 0 1 1 0 0 0 0 0
"128" -0.4461733 "3" -5.6193 0 1 1 0 0 0 0 0
"129" 0.0329355 "3" 6.3807 0 1 1 0 0 0 0 0
"130" 0.0329355 "3" -7.6193 0 1 1 0 0 0 0 0
"131" -0.3663218 "3" 12.3807 1 0 1 0 0 0 0 0
"132" -0.0469159 "3" -1.6193 0 1 0 0 0 0 0 0
"133" 1.470262 "3" 18.3807 1 0 1 0 0 0 0 0
"134" -0.5260247 "3" 7.3807 0 1 0 0 0 0 0 0
"135" 2.5881827 "3" 0.3807 1 0 1 0 0 0 0 0
"136" -0.0469159 "3" 17.3807 0 1 1 0 0 0 0 0
"137" 0.3523414 "3" 20.3807 1 0 1 0 0 0 0 0
"138" 1.629965 "3" 9.3807 1 0 1 0 0 0 0 0
"139" -1.3245395 "3" -10.6193 0 1 0 0 0 0 0 0
"140" -1.8834998 "3" -18.6193 0 1 1 0 0 0 0 0
"141" -0.6857277 "3" -3.6193 0 1 1 0 0 0 0 0
"142" -0.0469159 "3" -0.6193 0 1 0 0 0 0 0 0
"143" -1.8834998 "3" -12.6193 0 1 1 0 0 0 0 0
"144" -0.3663218 "3" 15.3807 0 1 1 0 0 0 0 0
"145" 0.5918958 "3" 1.3807 0 1 0 0 0 0 0 0
"146" -0.0469159 "3" 9.3807 0 1 0 0 0 0 0 0
"147" -1.8036483 "3" -10.6193 0 1 0 0 0 0 0 0
"148" 0.5120443 "3" 5.3807 1 0 1 0 0 0 0 0
"149" 0.9113017 "3" 11.3807 0 1 1 0 0 0 0 0
"150" -1.4842424 "3" -13.6193 0 0 1 0 0 0 0 0
"151" -1.4043909 "3" 5.3807 0 1 1 0 0 0 0 0
"152" 1.0710047 "3" 17.3807 0 1 0 0 0 0 0 0
"153" -0.2864703 "3" -1.6193 0 1 1 0 0 0 0 0
"154" -1.0849851 "3" -5.6193 0 1 1 0 0 0 0 0
"155" -0.2864703 "3" -10.6193 0 1 0 0 0 0 0 0
"156" 0.9911532 "3" 10.3807 0 1 1 0 0 0 0 0
"157" 1.629965 "3" 7.3807 1 0 0 0 0 0 0 0
"158" -0.5260247 "3" -7.6193 0 1 1 0 0 0 0 0
"159" 1.470262 "3" 19.3807 1 0 1 0 0 0 0 0
"160" 0.6717473 "3" 11.3807 1 0 1 0 0 0 0 0
"161" -0.6857277 "3" 0.3807 0 0 1 0 0 0 0 0
"162" 0.4321929 "3" 18.3807 1 0 1 0 0 0 0 0
"163" -0.6058762 "3" -12.6193 0 0 1 0 0 0 0 0
"164" 0.5918958 "3" 7.3807 1 0 0 0 0 0 0 0
"165" 0.112787 "3" -0.6193 0 1 0 0 0 0 0 0
"166" -0.6857277 "3" 5.3807 0 1 0 0 0 0 0 0
"167" 1.2307076 "3" 13.3807 0 1 1 0 0 0 0 0
"168" -0.9252821 "3" -7.6193 0 1 0 0 0 0 0 0
"169" -0.0469159 "3" -1.6193 0 1 1 0 0 0 0 0
"170" -1.244688 "3" -2.6193 0 0 1 0 0 0 0 0
"171" 0.112787 "3" 26.3807 0 1 1 0 0 0 0 0
"172" -1.1648365 "3" 0.3807 0 1 0 0 0 0 0 0
"173" -0.6857277 "3" 6.3807 0 1 1 0 0 0 0 0
"174" -1.0849851 "3" 7.3807 0 1 1 0 0 0 0 0
"175" 1.3904105 "3" 4.3807 0 1 1 0 0 0 0 0
"176" 1.9493709 "3" 23.3807 1 0 1 0 0 0 0 0
"177" -1.0849851 "3" 12.3807 0 1 0 0 0 0 0 0
"178" -0.4461733 "3" -7.6193 0 1 1 0 0 0 0 0
"179" 2.1090738 "3" 18.3807 1 0 1 0 0 0 0 0
"180" -1.1648365 "3" 10.3807 0 1 0 0 0 0 0 0
"181" -0.5260247 "3" -12.6193 0 1 0 0 0 0 0 0
"182" -0.2066188 "3" 0.3807 1 0 0 0 0 0 0 0
"183" 0.3523414 "3" 6.3807 1 0 1 0 0 0 0 0
"184" 1.7896679 "3" 15.3807 0 1 1 0 0 0 0 0
"185" 1.629965 "3" -0.6193 1 0 0 0 0 0 0 0
"186" 0.3523414 "3" 9.3807 0 1 0 0 0 0 0 0
"187" -1.0051336 "3" -15.6193 0 1 0 0 0 0 0 0
"188" 0.6717473 "3" -3.6193 0 1 1 0 0 0 0 0
"189" 1.5501135 "3" 17.3807 1 0 1 0 0 0 0 0
"190" -0.2066188 "3" 8.3807 0 1 0 0 0 0 0 0
"191" 2.0292223 "3" 25.3807 1 0 0 0 0 0 0 0
"192" -0.0469159 "3" 10.3807 0 1 0 0 0 0 0 0
"193" 0.3523414 "3" -5.6193 0 1 1 0 0 0 0 0
"194" 0.1926384 "3" 13.3807 1 0 0 0 0 0 0 0
"195" 0.9911532 "3" 10.3807 1 0 1 0 0 0 0 0
"196" -0.2864703 "3" -5.6193 0 1 0 0 0 0 0 0
"197" -1.244688 "3" 4.3807 0 1 0 0 0 0 0 0
"198" -0.1267674 "3" 13.3807 0 1 1 0 0 0 0 0
"199" 0.9911532 "3" 35.3807 1 0 1 0 0 0 0 0
"200" -0.6857277 "3" -12.6193 0 1 1 0 0 0 0 0
"201" -0.5260247 "3" 3.3807 0 1 1 0 0 0 0 0
"202" 0.8314502 "3" 23.3807 1 0 1 0 0 0 0 0
"203" 1.2307076 "3" 19.3807 0 1 1 0 0 0 0 0
"204" 0.9911532 "3" 19.3807 0 1 1 0 0 0 0 0
"205" 0.7515988 "3" 20.3807 1 0 1 0 0 0 0 0
"206" 1.0710047 "3" 4.3807 1 0 1 0 0 0 0 0
"207" -0.7655792 "3" 0.3807 0 1 0 0 0 0 0 0
"208" 0.5918958 "3" 9.3807 0 1 0 0 0 0 0 0
"209" -0.9252821 "3" -22.6193 0 0 1 0 0 0 0 0
"210" -0.2864703 "3" 5.3807 0 1 0 0 0 0 0 0
"211" -1.5640939 "3" -4.6193 0 1 0 0 0 0 0 0
"212" 0.2724899 "3" 3.3807 0 1 0 0 0 0 0 0
"213" -0.4461733 "3" 6.3807 0 1 0 0 0 0 0 0
"214" 0.8314502 "3" -21.6193 0 1 0 0 0 0 0 0
"215" -1.1648365 "3" -12.6193 0 1 0 0 0 0 0 0
"216" 0.7515988 "3" 5.3807 1 0 0 0 0 0 0 0
"217" -0.0469159 "3" 5.3807 0 1 0 0 0 0 0 0
"218" -1.7237968 "3" -17.6193 0 0 0 0 0 0 0 0
"219" -1.3245395 "3" 7.3807 0 1 0 0 0 0 0 0
"220" 1.3904105 "3" 24.3807 1 0 1 0 0 0 0 0
"221" 1.0710047 "3" 17.3807 1 0 1 0 0 0 0 0
"222" 0.8314502 "3" 12.3807 0 1 0 0 0 0 0 0
"223" -1.0849851 "3" -5.6193 0 1 1 0 0 0 0 0
"224" 1.7098164 "3" 2.3807 0 1 1 0 0 0 0 0
"225" -0.1267674 "3" 5.3807 1 0 1 0 0 0 0 0
"226" -0.2066188 "3" 11.3807 1 0 0 0 0 0 0 0
"227" -1.0051336 "3" 8.3807 0 1 0 0 0 0 0 0
"228" 1.7098164 "3" 29.3807 1 0 0 0 0 0 0 0
"229" -0.3663218 "3" -6.6193 0 1 1 0 0 0 0 0
"230" 1.470262 "3" 4.3807 0 1 0 0 0 0 0 0
"231" 1.5501135 "3" 22.3807 0 1 1 0 0 0 0 0
"232" 0.9911532 "3" -1.6193 0 1 1 0 0 0 0 0
"233" 1.2307076 "3" 5.3807 1 0 1 0 0 0 0 0
"234" -0.8454306 "3" -12.6193 0 1 0 0 0 0 0 0
"235" -0.1267674 "3" 12.3807 0 1 1 0 0 0 0 0
"236" 0.5918958 "3" 15.3807 0 1 0 0 0 0 0 0
"237" 0.7515988 "3" 23.3807 1 0 0 0 0 0 0 0
"238" 1.3904105 "3" 7.3807 1 0 1 0 0 0 0 0
"239" 0.4321929 "3" 8.3807 1 0 1 0 0 0 0 0
"240" 0.112787 "3" 23.3807 1 0 0 0 0 0 0 0
"241" 0.3523414 "3" 0.3807 0 1 0 0 0 0 0 0
"242" 0.2724899 "3" -2.6193 0 1 0 0 0 0 0 0
"243" -1.4842424 "3" -9.6193 0 1 1 0 0 0 0 0
"244" 0.1926384 "3" 2.3807 0 1 0 0 0 0 0 0
"245" 2.1889253 "3" 23.3807 1 0 0 0 0 0 0 0
"246" 0.2724899 "3" -8.6193 0 0 0 0 0 0 0 0
"247" -1.4043909 "3" 4.3807 0 1 1 0 0 0 0 0
"248" -1.3245395 "3" 1.3807 0 1 0 0 0 0 0 0
"249" 1.470262 "3" 21.3807 1 0 1 0 0 0 0 0
"250" 1.0710047 "3" 3.3807 0 1 0 0 0 0 0 0
"251" 0.0329355 "3" 8.3807 1 0 1 0 0 0 0 0
"252" -0.2864703 "3" -6.6193 0 1 1 0 0 0 0 0
"253" 2.1889253 "3" 18.3807 1 0 0 0 0 0 0 0
"254" 0.1926384 "3" -12.6193 0 1 0 0 0 0 0 0
"255" -1.4043909 "3" -7.6193 0 1 0 0 0 0 0 0
"256" 0.0329355 "3" -0.6193 0 1 0 0 0 0 0 0
"257" 0.8314502 "3" 12.3807 1 0 1 0 0 0 0 0
"258" -1.8834998 "3" -9.6193 0 1 0 0 0 0 0 0
"259" -0.1267674 "3" 4.3807 0 1 1 0 0 0 0 0
"260" -0.1267674 "3" -8.6193 0 0 0 0 0 0 0 0
"261" 0.8314502 "3" 4.3807 0 1 1 0 0 0 0 0
"262" -0.0469159 "3" 2.3807 0 1 1 0 0 0 0 0
"263" 2.2687768 "3" 22.3807 1 0 0 0 0 0 0 0
"264" 0.5120443 "3" 8.3807 0 1 1 0 0 0 0 0
"265" 1.2307076 "3" 16.3807 0 1 0 0 0 0 0 0
"266" 0.7515988 "3" 13.3807 0 1 1 0 0 0 0 0
"267" 1.470262 "3" 11.3807 1 0 1 0 0 0 0 0
"268" 0.0329355 "3" 7.3807 0 1 0 0 0 0 0 0
"269" 1.470262 "3" 6.3807 1 0 0 0 0 0 0 0
"270" 0.1926384 "3" 18.3807 0 1 1 0 0 0 0 0
"271" 0.2724899 "3" 6.3807 1 0 0 0 0 0 0 0
"272" 0.0329355 "3" 10.3807 0 1 1 0 0 0 0 0
"273" 0.5918958 "3" 10.3807 1 0 1 0 0 0 0 0
"274" -1.0849851 "3" -11.6193 0 1 0 0 0 0 0 0
"275" 0.8314502 "3" 7.3807 1 0 1 0 0 0 0 0
"276" -1.7237968 "3" -0.6193 0 1 1 0 0 0 0 0
"277" 1.3904105 "3" 18.3807 1 0 0 0 0 0 0 0
"278" -1.1648365 "3" 4.3807 1 0 0 0 0 0 0 0
"279" 0.6717473 "3" 4.3807 0 1 1 0 0 0 0 0
"280" -0.6857277 "3" -7.6193 0 1 0 0 0 0 0 0
"281" -0.6857277 "3" 0.3807 0 1 0 0 0 0 0 0
"282" -1.0051336 "3" 8.3807 1 0 1 0 0 0 0 0
"283" -0.6857277 "3" 4.3807 0 1 0 0 0 0 0 0
"284" 0.9911532 "3" 12.3807 1 0 0 0 0 0 0 0
"285" 1.470262 "3" 5.3807 1 0 1 0 0 0 0 0
"286" -0.0469159 "3" 2.3807 1 0 1 0 0 0 0 0
"287" 1.9493709 "3" 22.3807 1 0 1 0 0 0 0 0
"288" 1.0710047 "3" 13.3807 1 0 1 0 0 0 0 0
"289" -0.2066188 "3" -5.6193 0 1 0 0 0 0 0 0
"290" -0.0469159 "3" 2.3807 0 1 1 0 0 0 0 0
"291" 1.3904105 "3" 5.3807 0 1 1 0 0 0 0 0
"292" 0.6717473 "3" 2.3807 0 1 0 0 0 0 0 0
"293" 0.4321929 "3" -9.6193 0 1 1 0 0 0 0 0
"294" 0.8314502 "3" -1.6193 0 1 1 0 0 0 0 0
"295" -0.2066188 "3" 3.3807 0 1 1 0 0 0 0 0
"296" 1.1508561 "3" 6.3807 0 1 0 0 0 0 0 0
"297" -0.2864703 "3" 3.3807 0 1 1 0 0 0 0 0
"298" 1.2307076 "3" -11.6193 0 1 1 0 0 0 0 0
"299" -0.5260247 "3" 1.3807 0 1 0 0 0 0 0 0
"300" -0.6058762 "3" -12.6193 0 0 1 0 0 0 0 0
"301" 0.112787 "3" 17.3807 1 0 0 0 0 0 0 0
"302" 0.4321929 "3" 7.3807 0 1 0 0 0 0 0 0
"303" -1.4043909 "3" -4.6193 0 1 0 0 0 0 0 0
"304" -0.9252821 "3" 8.3807 1 0 1 0 0 0 0 0
"305" -1.6439454 "3" -14.6193 0 1 0 0 0 0 0 0
"306" 1.470262 "3" 9.3807 1 0 1 0 0 0 0 0
"307" 0.7515988 "3" 13.3807 1 0 0 0 0 0 0 0
"308" -0.8454306 "4" -6.6193 0 1 1 0 0 0 0 0
"309" -0.1267674 "4" 3.3807 1 0 1 0 0 0 0 0
"310" -0.6058762 "4" -8.6193 0 1 1 0 0 0 0 0
"311" -0.0469159 "4" 0.3807 0 1 1 0 0 0 0 0
"312" 0.2724899 "4" 11.3807 1 0 0 0 0 0 0 0
"313" 2.5881827 "4" 12.3807 1 0 0 0 0 0 0 0
"314" 1.9493709 "4" 20.3807 1 0 1 0 0 0 0 0
"315" 0.4321929 "4" 13.3807 1 0 0 0 0 0 0 0
"316" -1.1648365 "4" 13.3807 1 0 0 0 0 0 0 0
"317" 1.9493709 "4" 21.3807 1 0 0 0 0 0 0 0
"318" 2.1889253 "4" 17.3807 1 0 1 0 0 0 0 0
"319" 0.8314502 "4" 1.3807 1 0 1 0 0 0 0 0
"320" 0.1926384 "4" 3.3807 1 0 1 0 0 0 0 0
"321" 0.3523414 "4" -1.6193 0 1 0 0 0 0 0 0
"322" 0.6717473 "4" 0.3807 0 1 1 0 0 0 0 0
"323" -0.4461733 "4" 3.3807 0 1 1 0 0 0 0 0
"324" -0.6058762 "4" -8.6193 0 1 0 0 0 0 0 0
"325" 0.8314502 "4" 14.3807 0 1 0 0 0 0 0 0
"326" -0.3663218 "4" -11.6193 0 0 0 0 0 0 0 0
"327" -1.7237968 "4" -9.6193 0 1 1 0 0 0 0 0
"328" 1.3904105 "4" 14.3807 1 0 0 0 0 0 0 0
"329" -0.8454306 "4" -6.6193 0 1 0 0 0 0 0 0
"330" 0.5120443 "4" 4.3807 0 1 1 0 0 0 0 0
"331" -1.244688 "4" -1.6193 0 1 0 0 0 0 0 0
"332" 1.0710047 "4" 15.3807 1 0 1 0 0 0 0 0
"333" 0.5120443 "4" 17.3807 1 0 0 0 0 0 0 0
"334" 1.3904105 "4" 15.3807 1 0 1 0 0 0 0 0
"335" -0.4461733 "4" 9.3807 1 0 1 0 0 0 0 0
"336" -0.2864703 "4" 16.3807 1 0 1 0 0 0 0 0
"337" -0.1267674 "4" -2.6193 0 1 0 0 0 0 0 0
"338" -0.8454306 "4" 1.3807 0 1 0 0 0 0 0 0
"339" -1.4842424 "4" 2.3807 0 1 1 0 0 0 0 0
"340" 0.3523414 "4" 0.3807 1 0 0 0 0 0 0 0
"341" -1.4842424 "4" -10.6193 0 1 0 0 0 0 0 0
"342" -0.0469159 "4" -2.6193 0 1 0 0 0 0 0 0
"343" -0.8454306 "4" -3.6193 0 1 1 0 0 0 0 0
"344" -0.1267674 "4" -5.6193 0 1 1 0 0 0 0 0
"345" 0.9113017 "4" 14.3807 1 0 1 0 0 0 0 0
"346" -0.9252821 "4" -1.6193 0 1 0 0 0 0 0 0
"347" -0.9252821 "4" -1.6193 0 1 0 0 0 0 0 0
"348" 0.2724899 "4" 7.3807 1 0 1 0 0 0 0 0
"349" -0.2066188 "4" 7.3807 1 0 1 0 0 0 0 0
"350" -1.0849851 "4" -11.6193 0 1 0 0 0 0 0 0
"351" -1.0051336 "4" -15.6193 0 0 1 0 0 0 0 0
"352" -0.8454306 "4" -10.6193 0 1 1 0 0 0 0 0
"353" 0.0329355 "4" -0.6193 1 0 1 0 0 0 0 0
"354" 1.7896679 "4" 4.3807 1 0 1 0 0 0 0 0
"355" -0.2066188 "4" 2.3807 0 1 1 0 0 0 0 0
"356" 2.2687768 "4" 10.3807 0 1 1 0 0 0 0 0
"357" 0.0329355 "4" -6.6193 0 1 0 0 0 0 0 0
"358" -1.1648365 "4" 3.3807 0 1 0 0 0 0 0 0
"359" -1.0849851 "4" -11.6193 1 0 1 0 0 0 0 0
"360" 0.112787 "4" 18.3807 1 0 1 0 0 0 0 0
"361" -0.6058762 "4" -5.6193 0 1 0 0 0 0 0 0
"362" 2.5083312 "4" 20.3807 1 0 1 0 0 0 0 0
"363" 1.2307076 "4" 15.3807 1 0 0 0 0 0 0 0
"364" -0.6857277 "4" -6.6193 0 1 0 0 0 0 0 0
"365" -0.8454306 "4" -7.6193 0 1 1 0 0 0 0 0
"366" 0.6717473 "4" -4.6193 1 0 1 0 0 0 0 0
"367" 0.5918958 "4" 26.3807 0 0 1 0 0 0 0 0
"368" 1.3904105 "4" 16.3807 0 1 0 0 0 0 0 0
"369" 1.9493709 "4" 9.3807 1 0 0 0 0 0 0 0
"370" 0.0329355 "4" 5.3807 1 0 0 0 0 0 0 0
"371" 0.2724899 "4" 4.3807 0 1 1 0 0 0 0 0
"372" -0.3663218 "4" 5.3807 0 1 0 0 0 0 0 0
"373" 0.8314502 "4" 5.3807 0 1 1 0 0 0 0 0
"374" -0.1267674 "4" -3.6193 0 1 0 0 0 0 0 0
"375" 0.8314502 "4" 19.3807 0 1 0 0 0 0 0 0
"376" -1.9633513 "4" -6.6193 0 0 0 0 0 0 0 0
"377" 1.629965 "4" 8.3807 1 0 1 0 0 0 0 0
"378" 1.470262 "4" 14.3807 1 0 0 0 0 0 0 0
"379" -1.3245395 "4" 4.3807 0 1 1 0 0 0 0 0
"380" 0.3523414 "4" 0.3807 0 1 0 0 0 0 0 0
"381" -0.6058762 "4" 12.3807 1 0 1 0 0 0 0 0
"382" -0.1267674 "4" 1.3807 1 0 1 0 0 0 0 0
"383" -0.5260247 "4" 7.3807 0 1 0 0 0 0 0 0
"384" -0.5260247 "4" 20.3807 1 0 0 0 0 0 0 0
"385" 1.9493709 "4" 10.3807 1 0 0 0 0 0 0 0
"386" -1.0051336 "4" 0.3807 1 0 1 0 0 0 0 0
"387" 0.0329355 "4" 1.3807 0 1 1 0 0 0 0 0
"388" -1.4842424 "4" -4.6193 0 1 0 0 0 0 0 0
"389" 0.9113017 "4" -6.6193 1 0 1 0 0 0 0 0
"390" 1.3904105 "4" 20.3807 1 0 0 0 0 0 0 0
"391" -0.2066188 "4" -11.6193 0 1 0 0 0 0 0 0
"392" 0.8314502 "4" 0.3807 1 0 0 0 0 0 0 0
"393" 0.9911532 "4" 18.3807 1 0 0 0 0 0 0 0
"394" -0.3663218 "4" 9.3807 1 0 0 0 0 0 0 0
"395" -0.7655792 "4" -0.6193 1 0 0 0 0 0 0 0
"396" -0.6058762 "4" 8.3807 0 1 0 0 0 0 0 0
"397" -0.2066188 "4" 1.3807 0 1 1 0 0 0 0 0
"398" 0.112787 "4" 8.3807 1 0 0 0 0 0 0 0
"399" 0.6717473 "5" 12.3807 0 1 1 0 1 0 0 0
"400" -0.8454306 "5" 6.3807 0 1 1 0 1 0 0 0
"401" 0.9911532 "5" -14.6193 0 1 1 0 1 0 0 0
"402" 1.3105591 "5" 7.3807 0 1 1 0 1 0 0 0
"403" 1.0710047 "5" 14.3807 1 0 1 0 1 0 0 0
"404" -0.7655792 "5" 8.3807 1 0 1 0 1 0 0 0
"405" -0.0469159 "5" 11.3807 0 1 1 0 1 0 0 0
"406" 0.112787 "5" 18.3807 1 0 1 0 1 0 0 0
"407" 0.9113017 "5" 24.3807 1 0 1 0 1 0 0 0
"408" 0.0329355 "5" 17.3807 0 1 1 0 1 0 0 0
"409" 0.0329355 "5" -5.6193 0 1 1 0 1 0 0 0
"410" -0.8454306 "5" 28.3807 0 1 1 0 1 0 0 0
"411" 0.3523414 "5" 12.3807 1 0 1 0 1 0 0 0
"412" 0.112787 "5" 5.3807 1 0 1 0 1 0 0 0
"413" -0.2066188 "5" 0.3807 0 1 1 0 1 0 0 0
"414" -1.7237968 "5" 0.3807 0 1 1 0 1 0 0 0
"415" 0.8314502 "5" 14.3807 1 0 1 0 1 0 0 0
"416" 0.112787 "5" 13.3807 1 0 1 0 1 0 0 0
"417" -0.9252821 "5" -6.6193 0 1 1 0 1 0 0 0
"418" 0.5120443 "5" -4.6193 0 1 1 0 1 0 0 0
"419" -0.4461733 "5" 5.3807 0 1 1 0 1 0 0 0
"420" 0.5918958 "5" 18.3807 1 0 1 0 1 0 0 0
"421" -0.0469159 "5" 5.3807 0 1 1 0 1 0 0 0
"422" -1.5640939 "5" -2.6193 0 1 1 0 1 0 0 0
"423" -1.8036483 "5" 1.3807 0 1 1 0 1 0 0 0
"424" -0.9252821 "5" 6.3807 0 1 1 0 1 0 0 0
"425" 0.5120443 "5" 0.3807 1 0 1 0 1 0 0 0
"426" 0.5120443 "5" 8.3807 0 1 1 0 1 0 0 0
"427" -0.6857277 "5" -6.6193 0 1 1 0 1 0 0 0
"428" -0.3663218 "5" 16.3807 0 1 1 0 1 0 0 0
"429" -0.2066188 "5" 8.3807 1 0 1 0 1 0 0 0
"430" 0.0329355 "5" 7.3807 0 1 1 0 1 0 0 0
"431" -0.4461733 "5" -1.6193 0 1 1 0 1 0 0 0
"432" -1.0051336 "5" -8.6193 0 0 1 0 1 0 0 0
"433" -1.7237968 "5" -6.6193 0 1 1 0 1 0 0 0
"434" 0.5120443 "5" 11.3807 0 1 1 0 1 0 0 0
"435" -1.4842424 "5" 4.3807 0 1 1 0 1 0 0 0
"436" 0.6717473 "5" 7.3807 0 1 1 0 1 0 0 0
"437" 1.0710047 "5" 2.3807 1 0 1 0 1 0 0 0
"438" -0.7655792 "5" -3.6193 0 1 1 0 1 0 0 0
"439" 0.8314502 "5" 7.3807 1 0 1 0 1 0 0 0
"440" -0.6058762 "5" -2.6193 0 1 1 0 1 0 0 0
"441" -0.3663218 "5" 8.3807 0 1 1 0 1 0 0 0
"442" -1.4043909 "5" -6.6193 0 1 1 0 1 0 0 0
"443" -0.5260247 "5" 16.3807 0 1 1 0 1 0 0 0
"444" -1.244688 "5" -17.6193 0 1 1 0 1 0 0 0
"445" -0.2066188 "5" -0.6193 0 1 1 0 1 0 0 0
"446" -1.1648365 "5" -3.6193 0 0 1 0 1 0 0 0
"447" -0.1267674 "5" 11.3807 1 0 1 0 1 0 0 0
"448" -0.3663218 "5" 4.3807 0 1 1 0 1 0 0 0
"449" -0.0469159 "5" 3.3807 0 1 1 0 1 0 0 0
"450" -0.2864703 "5" -19.6193 0 1 1 0 1 0 0 0
"451" -0.3663218 "5" 20.3807 0 1 1 0 1 0 0 0
"452" -0.7655792 "5" -15.6193 0 0 1 0 1 0 0 0
"453" -0.6058762 "5" -0.6193 0 1 1 0 1 0 0 0
"454" 0.2724899 "5" 8.3807 0 1 1 0 1 0 0 0
"455" 0.2724899 "5" 1.3807 0 1 1 0 1 0 0 0
"456" 0.9113017 "5" 18.3807 1 0 1 0 1 0 0 0
"457" 0.5918958 "5" 3.3807 0 1 1 0 1 0 0 0
"458" 0.8314502 "5" 9.3807 1 0 1 0 1 0 0 0
"459" 1.5501135 "5" 15.3807 1 0 1 0 1 0 0 0
"460" -1.1648365 "5" 0.3807 0 1 1 0 1 0 0 0
"461" 0.112787 "5" 8.3807 1 0 1 0 1 0 0 0
"462" 0.2724899 "5" 11.3807 1 0 1 0 1 0 0 0
"463" -0.2864703 "5" -0.6193 0 1 1 0 1 0 0 0
"464" 1.2307076 "5" 15.3807 1 0 1 0 1 0 0 0
"465" 0.8314502 "5" 18.3807 1 0 1 0 1 0 0 0
"466" 0.9113017 "5" 9.3807 1 0 1 0 1 0 0 0
"467" -0.5260247 "5" -2.6193 0 1 1 0 1 0 0 0
"468" -0.0469159 "5" 2.3807 0 1 1 0 1 0 0 0
"469" -0.2066188 "5" 13.3807 0 1 1 0 1 0 0 0
"470" -0.6857277 "5" -9.6193 0 1 1 0 1 0 0 0
"471" 0.7515988 "5" 13.3807 1 0 1 0 1 0 0 0
"472" -1.1648365 "5" -18.6193 0 0 1 0 1 0 0 0
"473" -0.9252821 "5" 3.3807 0 1 1 0 1 0 0 0
"474" -0.7655792 "5" 2.3807 0 1 1 0 1 0 0 0
"475" -0.2864703 "5" -10.6193 0 1 1 0 1 0 0 0
"476" -0.2864703 "5" 8.3807 0 1 1 0 1 0 0 0
"477" -0.4461733 "5" -6.6193 0 1 1 0 1 0 0 0
"478" 0.112787 "5" 24.3807 1 0 1 0 1 0 0 0
"479" -0.8454306 "5" -2.6193 0 1 1 0 1 0 0 0
"480" -0.0469159 "5" 15.3807 0 1 1 0 1 0 0 0
"481" -0.7655792 "5" 6.3807 1 0 1 0 1 0 0 0
"482" 1.1508561 "5" 7.3807 1 0 1 0 1 0 0 0
"483" -0.7655792 "5" 5.3807 1 0 1 0 1 0 0 0
"484" 0.112787 "5" 7.3807 0 1 1 0 1 0 0 0
"485" 0.5918958 "5" 14.3807 1 0 1 0 1 0 0 0
"486" -0.6857277 "5" -11.6193 0 0 1 0 1 0 0 0
"487" -0.8454306 "6" -8.6193 0 1 1 0 0 0 0 0
"488" 0.7515988 "6" -2.6193 0 1 0 0 0 0 0 0
"489" 0.5120443 "6" 12.3807 1 0 1 0 0 0 0 0
"490" -1.9633513 "6" -19.6193 0 0 1 0 0 0 0 0
"491" -0.2864703 "6" -5.6193 0 1 0 0 0 0 0 0
"492" -0.2066188 "6" -25.6193 0 0 0 0 0 0 0 0
"493" -1.4842424 "6" -23.6193 0 0 0 0 0 0 0 0
"494" -0.1267674 "6" -0.6193 0 1 1 0 0 0 0 0
"495" -0.5260247 "6" 3.3807 0 1 1 0 0 0 0 0
"496" -1.1648365 "6" -13.6193 0 0 1 0 0 0 0 0
"497" -1.4043909 "6" -5.6193 0 1 1 0 0 0 0 0
"498" 1.0710047 "6" 17.3807 0 1 1 0 0 0 0 0
"499" 0.1926384 "6" -7.6193 0 1 1 0 0 0 0 0
"500" 1.1508561 "6" -1.6193 1 0 1 0 0 0 0 0
"501" -0.1267674 "6" -19.6193 0 1 1 0 0 0 0 0
"502" -0.8454306 "6" -3.6193 0 1 1 0 0 0 0 0
"503" 0.7515988 "6" 15.3807 1 0 0 0 0 0 0 0
"504" 1.7098164 "6" 21.3807 1 0 1 0 0 0 0 0
"505" -1.244688 "6" 1.3807 0 1 1 0 0 0 0 0
"506" -1.0849851 "6" -5.6193 0 1 0 0 0 0 0 0
"507" -1.9633513 "6" -20.6193 0 0 1 0 0 0 0 0
"508" 0.5120443 "6" 5.3807 0 1 1 0 0 0 0 0
"509" -0.3663218 "6" 5.3807 1 0 1 0 0 0 0 0
"510" 0.1926384 "6" -27.6193 0 0 1 0 0 0 0 0
"511" -0.9252821 "6" -7.6193 0 1 1 0 0 0 0 0
"512" -0.2066188 "6" -1.6193 0 1 1 0 0 0 0 0
"513" 0.112787 "6" 7.3807 0 1 0 0 0 0 0 0
"514" -0.3663218 "6" 12.3807 1 0 0 0 0 0 0 0
"515" 0.5120443 "6" -5.6193 0 1 0 0 0 0 0 0
"516" -0.1267674 "6" -12.6193 0 1 1 0 0 0 0 0
"517" 0.5918958 "6" 8.3807 0 1 1 0 0 0 0 0
"518" 0.5120443 "6" 28.3807 0 1 1 0 0 0 0 0
"519" -0.3663218 "6" -1.6193 0 1 1 0 0 0 0 0
"520" -1.0051336 "6" -2.6193 0 1 0 0 0 0 0 0
"521" 0.8314502 "6" -0.6193 0 1 0 0 0 0 0 0
"522" -1.6439454 "6" -24.6193 0 1 0 0 0 0 0 0
"523" 1.470262 "6" 8.3807 1 0 1 0 0 0 0 0
"524" -0.3663218 "6" -19.6193 0 0 0 0 0 0 0 0
"525" 0.2724899 "6" 13.3807 1 0 1 0 0 0 0 0
"526" 1.470262 "6" 23.3807 1 0 0 0 0 0 0 0
"527" -0.5260247 "6" 9.3807 0 1 1 0 0 0 0 0
"528" 1.629965 "6" 21.3807 1 0 1 0 0 0 0 0
"529" 0.7515988 "6" -4.6193 0 1 1 0 0 0 0 0
"530" -0.1267674 "6" 10.3807 1 0 1 0 0 0 0 0
"531" -1.9633513 "6" -17.6193 0 0 1 0 0 0 0 0
"532" 0.0329355 "6" -5.6193 0 1 1 0 0 0 0 0
"533" -1.0849851 "6" -11.6193 0 0 1 0 0 0 0 0
"534" -1.244688 "6" 3.3807 0 1 0 0 0 0 0 0
"535" 1.3904105 "6" 12.3807 0 1 1 0 0 0 0 0
"536" 0.5918958 "6" 28.3807 1 0 0 0 0 0 0 0
"537" -0.2864703 "6" -9.6193 0 1 1 0 0 0 0 0
"538" -0.2864703 "6" 4.3807 0 0 1 0 0 0 0 0
"539" -0.0469159 "6" -0.6193 0 1 1 0 0 0 0 0
"540" 0.4321929 "6" 8.3807 0 1 1 0 0 0 0 0
"541" -0.7655792 "6" 5.3807 0 1 1 0 0 0 0 0
"542" -1.244688 "6" -31.6193 0 1 0 0 0 0 0 0
"543" 0.9911532 "6" 8.3807 0 1 1 0 0 0 0 0
"544" 1.1508561 "6" 8.3807 1 0 1 0 0 0 0 0
"545" -0.3663218 "6" -13.6193 0 1 1 0 0 0 0 0
"546" 1.5501135 "6" 21.3807 1 0 1 0 0 0 0 0
"547" -0.7655792 "6" -3.6193 1 0 1 0 0 0 0 0
"548" 0.5120443 "6" 0.3807 1 0 1 0 0 0 0 0
"549" 1.8695194 "6" 6.3807 0 1 0 0 0 0 0 0
"550" -0.1267674 "6" -7.6193 0 1 1 0 0 0 0 0
"551" 0.4321929 "6" -22.6193 0 0 1 0 0 0 0 0
"552" 0.5918958 "6" -9.6193 0 1 1 0 0 0 0 0
"553" -0.1267674 "6" -4.6193 0 1 1 0 0 0 0 0
"554" -1.3245395 "6" -16.6193 0 0 1 0 0 0 0 0
"555" -0.4461733 "6" -8.6193 0 1 1 0 0 0 0 0
"556" -0.9252821 "6" 2.3807 0 1 0 0 0 0 0 0
"557" 1.1508561 "6" 14.3807 1 0 0 0 0 0 0 0
"558" 1.7896679 "6" 12.3807 1 0 1 0 0 0 0 0
"559" 0.112787 "6" 4.3807 0 1 1 0 0 0 0 0
"560" -0.2864703 "6" 9.3807 0 1 1 0 0 0 0 0
"561" -1.0849851 "6" -0.6193 0 1 1 0 0 0 0 0
"562" -1.3245395 "6" -2.6193 0 1 1 0 0 0 0 0
"563" 0.1926384 "6" -4.6193 0 1 1 0 0 0 0 0
"564" -1.1648365 "6" -16.6193 0 1 0 0 0 0 0 0
"565" -0.4461733 "6" 7.3807 0 1 1 0 0 0 0 0
"566" 0.112787 "6" 7.3807 0 1 1 0 0 0 0 0
"567" -0.2066188 "6" 0.3807 0 1 1 0 0 0 0 0
"568" 0.2724899 "6" 8.3807 1 0 1 0 0 0 0 0
"569" 0.3523414 "6" -1.6193 0 1 0 0 0 0 0 0
"570" -1.0051336 "6" 0.3807 0 1 1 0 0 0 0 0
"571" -1.5640939 "6" 0.3807 1 0 0 0 0 0 0 0
"572" 0.112787 "6" 6.3807 1 0 0 0 0 0 0 0
"573" -0.2066188 "6" -16.6193 0 1 1 0 0 0 0 0
"574" -0.6058762 "6" -6.6193 0 1 1 0 0 0 0 0
"575" -0.6058762 "6" -6.6193 0 1 1 0 0 0 0 0
"576" -0.0469159 "6" 20.3807 1 0 0 0 0 0 0 0
"577" -0.2864703 "6" 20.3807 1 0 1 0 0 0 0 0
"578" -0.9252821 "6" 3.3807 1 0 1 0 0 0 0 0
"579" -0.9252821 "6" -2.6193 0 1 0 0 0 0 0 0
"580" -0.5260247 "6" 9.3807 0 1 1 0 0 0 0 0
"581" 1.3105591 "6" 14.3807 1 0 1 0 0 0 0 0
"582" -0.6058762 "6" -3.6193 0 0 1 0 0 0 0 0
"583" -1.6439454 "6" 2.3807 0 1 1 0 0 0 0 0
"584" 0.9113017 "6" 1.3807 0 1 1 0 0 0 0 0
"585" -1.4043909 "6" -4.6193 0 0 1 0 0 0 0 0
"586" 0.9911532 "6" 1.3807 0 1 1 0 0 0 0 0
"587" 1.3105591 "6" 37.3807 1 0 1 0 0 0 0 0
"588" -0.0469159 "6" -12.6193 0 1 1 0 0 0 0 0
"589" 0.4321929 "6" -10.6193 0 1 1 0 0 0 0 0
"590" 0.5918958 "6" 4.3807 1 0 1 0 0 0 0 0
"591" 0.5918958 "6" 5.3807 1 0 1 0 0 0 0 0
"592" 1.629965 "6" -9.6193 0 1 1 0 0 0 0 0
"593" 1.470262 "6" -4.6193 0 1 1 0 0 0 0 0
"594" -1.8036483 "6" -10.6193 0 1 1 0 0 0 0 0
"595" 0.0329355 "6" 2.3807 0 1 1 0 0 0 0 0
"596" -0.8454306 "6" -2.6193 0 1 1 0 0 0 0 0
"597" 0.1926384 "6" 3.3807 0 1 1 0 0 0 0 0
"598" 0.4321929 "6" 4.3807 0 1 1 0 0 0 0 0
"599" 0.9911532 "6" 10.3807 1 0 1 0 0 0 0 0
"600" -0.3663218 "6" -19.6193 0 0 0 0 0 0 0 0
"601" -0.3663218 "6" -1.6193 0 1 1 0 0 0 0 0
"602" 1.3105591 "6" 6.3807 0 1 1 0 0 0 0 0
"603" 0.4321929 "6" 17.3807 1 0 0 0 0 0 0 0
"604" 0.5918958 "6" 1.3807 1 0 1 0 0 0 0 0
"605" -0.4461733 "6" 1.3807 0 1 1 0 0 0 0 0
"606" 0.8314502 "6" 7.3807 1 0 1 0 0 0 0 0
"607" -0.2864703 "6" -9.6193 0 1 1 0 0 0 0 0
"608" -0.6857277 "6" -2.6193 0 1 1 0 0 0 0 0
"609" -0.8454306 "6" -6.6193 0 1 0 0 0 0 0 0
"610" -1.6439454 "6" -34.6193 0 0 0 0 0 0 0 0
"611" -0.7655792 "6" 2.3807 0 1 1 0 0 0 0 0
"612" -2.1230542 "6" -21.6193 0 0 0 0 0 0 0 0
"613" -1.244688 "7" 1.3807 0 1 1 0 1 0 0 0
"614" 2.5881827 "7" 20.3807 1 0 1 0 1 0 0 0
"615" -0.6857277 "7" -6.6193 0 1 1 0 1 0 0 0
"616" -0.0469159 "7" -6.6193 0 1 1 0 1 0 0 0
"617" -0.3663218 "7" 7.3807 0 1 1 0 1 0 0 0
"618" 1.0710047 "7" -4.6193 1 0 1 0 1 0 0 0
"619" -0.3663218 "7" -0.6193 0 1 1 0 1 0 0 0
"620" -0.4461733 "7" 1.3807 0 1 1 0 1 0 0 0
"621" -0.6857277 "7" 12.3807 0 1 1 0 1 0 0 0
"622" -0.0469159 "7" 0.3807 0 1 1 0 1 0 0 0
"623" 0.9113017 "7" 0.3807 1 0 1 0 1 0 0 0
"624" 0.9911532 "7" 3.3807 1 0 1 0 1 0 0 0
"625" -0.4461733 "7" 4.3807 0 1 1 0 1 0 0 0
"626" -0.6857277 "7" -11.6193 0 1 1 0 1 0 0 0
"627" -1.0849851 "7" 8.3807 0 1 1 0 1 0 0 0
"628" -0.1267674 "7" 10.3807 0 1 1 0 1 0 0 0
"629" 0.5120443 "7" 12.3807 1 0 1 0 1 0 0 0
"630" -1.0051336 "7" 4.3807 0 1 1 0 1 0 0 0
"631" 0.112787 "7" 1.3807 0 1 1 0 1 0 0 0
"632" 1.2307076 "7" 11.3807 1 0 1 0 1 0 0 0
"633" -0.2864703 "7" 1.3807 0 1 1 0 1 0 0 0
"634" 0.5918958 "7" 6.3807 1 0 1 0 1 0 0 0
"635" 0.112787 "7" 7.3807 1 0 1 0 1 0 0 0
"636" 0.7515988 "7" 0.3807 0 1 1 0 1 0 0 0
"637" -0.2066188 "7" -3.6193 0 1 1 0 1 0 0 0
"638" -0.3663218 "7" 7.3807 1 0 1 0 1 0 0 0
"639" -0.7655792 "7" 2.3807 0 1 1 0 1 0 0 0
"640" -1.5640939 "7" -2.6193 0 1 1 0 1 0 0 0
"641" -1.0849851 "7" 7.3807 0 1 1 0 1 0 0 0
"642" 0.4321929 "7" 2.3807 1 0 1 0 1 0 0 0
"643" -0.6857277 "7" 1.3807 0 1 1 0 1 0 0 0
"644" -0.7655792 "7" -1.6193 0 1 1 0 1 0 0 0
"645" 0.6717473 "7" -7.6193 0 1 1 0 1 0 0 0
"646" -1.244688 "7" -6.6193 0 1 1 0 1 0 0 0
"647" 0.3523414 "7" 5.3807 1 0 1 0 1 0 0 0
"648" 1.1508561 "7" 4.3807 0 1 1 0 1 0 0 0
"649" 2.0292223 "7" -5.6193 0 1 1 0 1 0 0 0
"650" -0.5260247 "7" -6.6193 0 1 1 0 1 0 0 0
"651" 0.0329355 "7" 11.3807 0 1 1 0 1 0 0 0
"652" 0.7515988 "7" 0.3807 0 1 1 0 1 0 0 0
"653" -0.0469159 "7" 6.3807 0 1 1 0 1 0 0 0
"654" 1.7896679 "7" 7.3807 1 0 1 0 1 0 0 0
"655" 0.112787 "7" 7.3807 1 0 1 0 1 0 0 0
"656" 0.112787 "7" 8.3807 1 0 1 0 1 0 0 0
"657" -0.2066188 "7" 1.3807 0 1 1 0 1 0 0 0
"658" 0.4321929 "7" 2.3807 0 1 1 0 1 0 0 0
"659" -1.0051336 "7" 9.3807 0 1 1 0 1 0 0 0
"660" 0.112787 "7" 5.3807 0 1 1 0 1 0 0 0
"661" -0.6857277 "7" -10.6193 0 0 1 0 1 0 0 0
"662" 0.0329355 "7" -6.6193 0 0 1 0 1 0 0 0
"663" -0.2066188 "7" -1.6193 0 1 1 0 1 0 0 0
"664" -0.4461733 "7" -8.6193 0 1 1 0 1 0 0 0
"665" -0.6058762 "7" 6.3807 0 1 1 0 1 0 0 0
"666" 1.7896679 "7" 3.3807 0 1 1 0 1 0 0 0
"667" -1.0849851 "7" -5.6193 0 1 1 0 1 0 0 0
"668" 0.9113017 "7" 5.3807 1 0 1 0 1 0 0 0
"669" -0.2066188 "7" 2.3807 0 1 1 0 1 0 0 0
"670" -0.0469159 "7" 5.3807 0 1 1 0 1 0 0 0
"671" 1.0710047 "7" -16.6193 0 1 1 0 1 0 0 0
"672" -0.2066188 "7" -6.6193 0 1 1 0 1 0 0 0
"673" 1.8695194 "7" 20.3807 1 0 1 0 1 0 0 0
"674" 0.4321929 "7" 8.3807 0 1 1 0 1 0 0 0
"675" -0.0469159 "7" -3.6193 1 0 1 0 1 0 0 0
"676" 1.7896679 "7" 24.3807 1 0 1 0 1 0 0 0
"677" -0.9252821 "7" 15.3807 0 1 1 0 1 0 0 0
"678" 0.9113017 "7" 8.3807 0 1 1 0 1 0 0 0
"679" 1.2307076 "7" -0.6193 0 1 1 0 1 0 0 0
"680" 0.9113017 "7" -4.6193 0 1 1 0 1 0 0 0
"681" -0.6857277 "7" 0.3807 0 1 1 0 1 0 0 0
"682" 1.7098164 "7" 16.3807 1 0 1 0 1 0 0 0
"683" -0.3663218 "7" 14.3807 0 1 1 0 1 0 0 0
"684" -1.1648365 "7" -11.6193 0 1 1 0 1 0 0 0
"685" -0.3663218 "7" 12.3807 1 0 1 0 1 0 0 0
"686" -0.6058762 "7" 5.3807 0 1 1 0 1 0 0 0
"687" -1.3245395 "7" -6.6193 0 1 1 0 1 0 0 0
"688" -1.0051336 "7" -3.6193 0 1 1 0 1 0 0 0
"689" 0.8314502 "7" 8.3807 1 0 1 0 1 0 0 0
"690" 1.2307076 "7" 7.3807 1 0 1 0 1 0 0 0
"691" 1.7896679 "7" 16.3807 1 0 1 0 1 0 0 0
"692" -0.4461733 "7" -8.6193 0 1 1 0 1 0 0 0
"693" -0.5260247 "7" -0.6193 0 1 1 0 1 0 0 0
"694" 0.112787 "7" 9.3807 1 0 1 0 1 0 0 0
"695" 1.629965 "7" 0.3807 0 1 1 0 1 0 0 0
"696" 0.9911532 "7" -17.6193 0 1 1 0 1 0 0 0
"697" -1.0051336 "7" -3.6193 0 1 1 0 1 0 0 0
"698" 1.5501135 "7" 0.3807 1 0 1 0 1 0 0 0
"699" -0.0469159 "7" -5.6193 0 0 1 0 1 0 0 0
"700" -1.7237968 "7" -6.6193 0 0 1 0 1 0 0 0
"701" 0.6717473 "7" 5.3807 0 1 1 0 1 0 0 0
"702" -0.8454306 "7" 5.3807 1 0 1 0 1 0 0 0
"703" -1.0051336 "7" -1.6193 0 1 1 0 1 0 0 0
"704" 0.5120443 "7" 6.3807 0 1 1 0 1 0 0 0
"705" -1.8036483 "7" 3.3807 0 1 1 0 1 0 0 0
"706" -1.0051336 "7" 6.3807 1 0 1 0 1 0 0 0
"707" 0.112787 "7" 4.3807 0 1 1 0 1 0 0 0
"708" 1.470262 "7" 6.3807 1 0 1 0 1 0 0 0
"709" 0.5120443 "7" -8.6193 0 1 1 0 1 0 0 0
"710" -0.7655792 "7" -3.6193 0 1 1 0 1 0 0 0
"711" 1.0710047 "7" 7.3807 1 0 1 0 1 0 0 0
"712" 1.3105591 "7" 11.3807 1 0 1 0 1 0 0 0
"713" 1.1508561 "7" 2.3807 0 1 1 0 1 0 0 0
"714" 0.5120443 "7" 2.3807 0 1 1 0 1 0 0 0
"715" 0.9113017 "7" 5.3807 0 1 1 0 1 0 0 0
"716" 1.2307076 "7" 15.3807 1 0 1 0 1 0 0 0
"717" 1.0710047 "7" 9.3807 0 1 1 0 1 0 0 0
"718" -0.9252821 "7" -0.6193 0 1 1 0 1 0 0 0
"719" 0.1926384 "7" -7.6193 0 1 1 0 1 0 0 0
"720" 0.1926384 "7" 5.3807 0 1 1 0 1 0 0 0
"721" -0.0469159 "7" 10.3807 1 0 1 0 1 0 0 0
"722" 0.6717473 "7" 8.3807 1 0 1 0 1 0 0 0
"723" 0.4321929 "7" -2.6193 0 1 1 0 1 0 0 0
"724" 0.1926384 "7" -1.6193 0 1 1 0 1 0 0 0
"725" 0.5918958 "7" 14.3807 1 0 1 0 1 0 0 0
"726" -0.0469159 "7" 10.3807 1 0 1 0 1 0 0 0
"727" -0.5260247 "7" 4.3807 0 1 1 0 1 0 0 0
"728" -0.2864703 "7" 2.3807 0 1 1 0 1 0 0 0
"729" 0.7515988 "7" 7.3807 1 0 1 0 1 0 0 0
"730" 0.112787 "7" 9.3807 1 0 1 0 1 0 0 0
"731" -1.4842424 "8" -16.6193 0 1 0 0 0 0 1 0
"732" 0.5120443 "8" 7.3807 0 1 1 0 0 0 1 0
"733" 0.6717473 "8" 4.3807 1 0 0 0 0 0 1 0
"734" 1.7896679 "8" 7.3807 1 0 1 0 0 0 1 0
"735" -0.0469159 "8" 14.3807 0 1 0 0 0 0 1 0
"736" 1.9493709 "8" 9.3807 1 0 1 0 0 0 1 0
"737" 1.629965 "8" 21.3807 1 0 1 0 0 0 1 0
"738" -1.0051336 "8" 4.3807 0 1 0 0 0 0 1 0
"739" -0.2864703 "8" 3.3807 1 0 0 0 0 0 1 0
"740" 0.5120443 "8" 11.3807 1 0 0 0 0 0 1 0
"741" 0.4321929 "8" 11.3807 1 0 0 0 0 0 1 0
"742" 0.6717473 "8" 4.3807 1 0 0 0 0 0 1 0
"743" 0.8314502 "8" -3.6193 0 1 1 0 0 0 1 0
"744" -0.7655792 "8" -2.6193 0 1 0 0 0 0 1 0
"745" 1.7896679 "8" 13.3807 1 0 1 0 0 0 1 0
"746" -0.6058762 "8" 6.3807 0 1 0 0 0 0 1 0
"747" -1.244688 "8" 0.3807 0 1 0 0 0 0 1 0
"748" 1.7896679 "8" 3.3807 1 0 1 0 0 0 1 0
"749" 0.0329355 "8" 4.3807 0 1 0 0 0 0 1 0
"750" 1.629965 "8" 15.3807 1 0 0 0 0 0 1 0
"751" -0.7655792 "8" 8.3807 0 1 0 0 0 0 1 0
"752" -0.6857277 "8" 2.3807 0 1 0 0 0 0 1 0
"753" 2.34862828 "8" 11.3807 1 0 1 0 0 0 1 0
"754" 0.99115323 "8" 0.3807 0 1 1 0 0 0 1 0
"755" 0.03293554 "8" 3.3807 0 1 0 0 0 0 1 0
"756" -0.60587625 "8" -8.6193 0 1 0 0 0 0 1 0
"757" 1.23070765 "8" 14.3807 1 0 0 0 0 0 1 0
"758" -0.60587625 "8" 10.3807 0 1 1 0 0 0 1 0
"759" -0.7655792 "8" 3.3807 0 1 1 0 0 0 1 0
"760" -0.12676741 "8" -0.6193 0 1 1 0 0 0 1 0
"761" 0.59189586 "8" 0.3807 0 1 0 0 0 0 1 0
"762" -0.04691593 "8" 2.3807 1 0 0 0 0 0 1 0
"763" 0.67174733 "8" 13.3807 0 1 0 0 0 0 1 0
"764" -0.12676741 "8" -4.6193 0 1 0 0 0 0 1 0
"765" 0.11278701 "8" 14.3807 1 0 1 0 0 0 1 0
"766" 0.43219291 "8" 7.3807 0 1 1 0 0 0 1 0
"767" 0.7515988 "8" 12.3807 0 1 0 0 0 0 1 0
"768" 0.59189586 "8" 8.3807 0 1 0 0 0 0 1 0
"769" 1.39041059 "8" 3.3807 0 1 0 0 0 0 1 0
"770" 1.62996502 "8" 15.3807 1 0 1 0 0 0 1 0
"771" 0.91130175 "8" -0.6193 0 1 0 0 0 0 1 0
"772" 0.99115323 "8" 13.3807 0 1 0 0 0 0 1 0
"773" -0.68572773 "8" -3.6193 0 1 0 0 0 0 1 0
"774" -0.7655792 "8" -13.6193 0 1 0 0 0 0 1 0
"775" 1.94937091 "8" 9.3807 1 0 1 0 0 0 1 0
"776" -1.16483657 "8" -9.6193 0 1 0 0 0 0 1 0
"777" -0.60587625 "8" 14.3807 0 1 1 0 0 0 1 0
"778" 2.10907386 "8" 11.3807 1 0 1 0 0 0 1 0
"779" 0.19263849 "8" 11.3807 1 0 1 0 0 0 1 0
"780" 0.59189586 "8" -1.6193 1 0 1 0 0 0 1 0
"781" 0.7515988 "8" 14.3807 1 0 0 0 0 0 1 0
"782" -1.40439099 "8" 4.3807 0 1 1 0 0 0 1 0
"783" 2.02922239 "8" 17.3807 1 0 0 0 0 0 1 0
"784" 0.43219291 "8" 4.3807 1 0 1 0 0 0 1 0
"785" -0.68572773 "8" -3.6193 0 1 0 0 0 0 1 0
"786" -0.92528215 "9" 4.3807 0 1 0 0 0 0 1 0
"787" 1.15085617 "9" 30.3807 1 0 0 0 0 0 1 0
"788" 0.35234143 "9" 9.3807 1 0 0 0 0 0 1 0
"789" 0.43219291 "9" -10.6193 0 0 1 0 0 0 1 0
"790" -0.20661888 "9" -0.6193 1 0 0 0 0 0 1 0
"791" 1.55011354 "9" 0.3807 1 0 1 0 0 0 1 0
"792" -0.60587625 "9" 0.3807 0 0 1 0 0 0 1 0
"793" 2.18892533 "9" 12.3807 1 0 1 0 0 0 1 0
"794" 0.19263849 "9" -9.6193 0 0 0 0 0 0 1 0
"795" 0.67174733 "9" -11.6193 0 0 0 0 0 0 1 0
"796" 1.70981649 "9" 1.3807 0 1 0 0 0 0 1 0
"797" -1.88349983 "9" -15.6193 0 0 0 0 0 0 1 0
"798" 0.03293554 "9" 1.3807 0 1 1 0 0 0 1 0
"799" 1.62996502 "9" 14.3807 1 0 0 0 0 0 1 0
"800" -0.366321 "9" -5.6193 0 1 1 0 0 0 1 0
"801" 0.1926384 "9" -10.6193 0 1 1 0 0 0 1 0
"802" 0.7515988 "9" -6.6193 0 1 0 0 0 0 1 0
"803" 1.629965 "9" 19.3807 1 0 1 0 0 0 1 0
"804" -0.0469159 "9" 9.3807 0 1 1 0 0 0 1 0
"805" -0.1267674 "9" -6.6193 0 0 1 0 0 0 1 0
"806" 1.3904105 "9" 7.3807 1 0 0 0 0 0 1 0
"807" 1.3105591 "9" 24.3807 1 0 0 0 0 0 1 0
"808" -0.2066188 "9" 0.3807 0 1 0 0 0 0 1 0
"809" -0.2864703 "9" 9.3807 0 1 1 0 0 0 1 0
"810" 0.2724899 "9" 4.3807 1 0 0 0 0 0 1 0
"811" 2.0292223 "9" 29.3807 1 0 0 0 0 0 1 0
"812" 2.0292223 "9" 20.3807 1 0 1 0 0 0 1 0
"813" 1.5501135 "9" 18.3807 0 1 1 0 0 0 1 0
"814" 0.9113017 "9" 1.3807 0 1 1 0 0 0 1 0
"815" 1.5501135 "9" 20.3807 1 0 1 0 0 0 1 0
"816" 1.9493709 "9" 29.3807 1 0 1 0 0 0 1 0
"817" 0.3523414 "9" 10.3807 0 1 0 0 0 0 1 0
"818" 0.8314502 "9" 7.3807 0 1 0 0 0 0 1 0
"819" 1.5501135 "9" 8.3807 1 0 0 0 0 0 1 0
"820" 1.1508561 "9" 11.3807 1 0 0 0 0 0 1 0
"821" 1.3105591 "9" 20.3807 1 0 0 0 0 0 1 0
"822" -0.1267674 "9" 1.3807 0 1 1 0 0 0 1 0
"823" 1.2307076 "9" -10.6193 0 1 0 0 0 0 1 0
"824" 0.5120443 "9" 3.3807 0 1 1 0 0 0 1 0
"825" -0.3663218 "10" -11.6193 0 0 1 0 1 0 1 0
"826" 0.9113017 "10" 4.3807 1 0 1 0 1 0 1 0
"827" 0.9911532 "10" -8.6193 0 1 1 0 1 0 1 0
"828" -0.2864703 "10" 1.3807 0 1 1 0 1 0 1 0
"829" -0.4461733 "10" -1.6193 0 1 1 0 1 0 1 0
"830" 0.5120443 "10" -3.6193 0 1 1 0 1 0 1 0
"831" 0.5120443 "10" 9.3807 0 1 1 0 1 0 1 0
"832" 0.8314502 "10" 14.3807 1 0 1 0 1 0 1 0
"833" 0.5918958 "10" 1.3807 0 1 1 0 1 0 1 0
"834" 0.5918958 "10" 11.3807 0 1 1 0 1 0 1 0
"835" 1.3904105 "10" -1.6193 1 0 1 0 1 0 1 0
"836" 0.0329355 "10" -6.6193 0 1 1 0 1 0 1 0
"837" 1.629965 "10" 10.3807 0 1 1 0 1 0 1 0
"838" 1.7896679 "10" 14.3807 1 0 1 0 1 0 1 0
"839" 0.5918958 "10" -6.6193 0 1 1 0 1 0 1 0
"840" 1.470262 "10" 6.3807 1 0 1 0 1 0 1 0
"841" 2.2687768 "10" 24.3807 1 0 1 0 1 0 1 0
"842" 0.112787 "10" -1.6193 0 1 1 0 1 0 1 0
"843" 1.470262 "10" 12.3807 1 0 1 0 1 0 1 0
"844" -0.9252821 "10" 4.3807 0 1 1 0 1 0 1 0
"845" 1.3904105 "10" 17.3807 1 0 1 0 1 0 1 0
"846" 0.8314502 "10" 13.3807 0 1 1 0 1 0 1 0
"847" -0.28647 "10" 4.3807 1 0 1 0 1 0 1 0
"848" -1.0051336 "10" 9.3807 0 1 1 0 1 0 1 0
"849" 2.1090738 "10" 19.3807 1 0 1 0 1 0 1 0
"850" 0.2724899 "10" 0.3807 0 1 1 0 1 0 1 0
"851" 1.470262 "10" 2.3807 0 1 1 0 1 0 1 0
"852" 2.2687768 "10" 29.3807 1 0 1 0 1 0 1 0
"853" 0.5918958 "10" 2.3807 0 1 1 0 1 0 1 0
"854" -0.6857277 "10" -8.6193 0 1 1 0 1 0 1 0
"855" 0.112787 "10" -8.6193 0 0 1 0 1 0 1 0
"856" 0.7515988 "10" -2.6193 0 1 1 0 1 0 1 0
"857" 0.4321929 "10" 5.3807 0 0 1 0 1 0 1 0
"858" 1.1508561 "10" 3.3807 1 0 1 0 1 0 1 0
"859" 1.3904105 "10" 25.3807 1 0 1 0 1 0 1 0
"860" 1.7098164 "10" 5.3807 1 0 1 0 1 0 1 0
"861" 0.9911532 "10" 7.3807 1 0 1 0 1 0 1 0
"862" -0.1267674 "10" -14.6193 0 1 1 0 1 0 1 0
"863" -1.0849851 "10" -27.6193 0 0 1 0 1 0 1 0
"864" 1.7896679 "10" 5.3807 0 1 1 0 1 0 1 0
"865" 1.3904105 "10" 6.3807 0 1 1 0 1 0 1 0
"866" 0.1926384 "10" 7.3807 0 1 1 0 1 0 1 0
"867" -1.1648365 "10" -18.6193 0 1 1 0 1 0 1 0
"868" 0.9113017 "10" 8.3807 0 1 1 0 1 0 1 0
"869" -0.2066188 "10" 12.3807 0 1 1 0 1 0 1 0
"870" 1.5501135 "10" 11.3807 1 0 1 0 1 0 1 0
"871" -0.1267674 "10" -18.6193 0 0 1 0 1 0 1 0
"872" 1.2307076 "10" 15.3807 1 0 1 0 1 0 1 0
"873" -0.4461733 "10" -9.6193 0 1 1 0 1 0 1 0
"874" -1.4842424 "10" -21.6193 0 0 1 0 1 0 1 0
"875" 1.1508561 "10" -1.6193 0 1 1 0 1 0 1 0
"876" 0.4321929 "10" 7.3807 1 0 1 0 1 0 1 0
"877" 0.5918958 "10" 7.3807 0 1 1 0 1 0 1 0
"878" 0.3523414 "10" -3.6193 0 1 1 0 1 0 1 0
"879" 0.112787 "10" -6.6193 1 0 1 0 1 0 1 0
"880" 0.1926384 "10" 9.3807 0 1 1 0 1 0 1 0
"881" 0.112787 "10" 0.3807 0 1 1 0 1 0 1 0
"882" -0.6058762 "10" -8.6193 0 0 1 0 1 0 1 0
"883" 1.3904105 "10" 12.3807 1 0 1 0 1 0 1 0
"884" 0.3523414 "10" -13.6193 0 1 1 0 1 0 1 0
"885" 1.7098164 "10" 11.3807 1 0 1 0 1 0 1 0
"886" 0.3523414 "10" 0.3807 1 0 1 0 1 0 1 0
"887" 0.5918958 "10" 6.3807 1 0 1 0 1 0 1 0
"888" -0.0469159 "10" 4.3807 0 1 1 0 1 0 1 0
"889" 0.0329355 "10" 6.3807 0 1 1 0 1 0 1 0
"890" 1.8695194 "10" 0.3807 1 0 1 0 1 0 1 0
"891" 0.5918958 "10" -4.6193 0 1 1 0 1 0 1 0
"892" 0.9113017 "10" 10.3807 1 0 1 0 1 0 1 0
"893" 0.112787 "10" 13.3807 0 1 1 0 1 0 1 0
"894" 1.94937 "10" 17.3807 0 1 1 0 1 0 1 0
"895" -0.206618 "10" 5.3807 0 1 1 0 1 0 1 0
"896" -0.126767 "10" 15.3807 1 0 1 0 1 0 1 0
"897" -0.28647 "10" -0.6193 0 1 1 0 1 0 1 0
"898" -0.206618 "11" -9.6193 0 1 1 0 0 0 0 1
"899" 2.109073 "11" 37.3807 1 0 0 0 0 0 0 1
"900" -1.40439 "11" 4.3807 0 1 1 0 0 0 0 1
"901" 1.150856 "11" 18.3807 1 0 0 0 0 0 0 1
"902" -0.046915 "11" 22.3807 0 1 1 0 0 0 0 1
"903" -0.366321 "11" 7.3807 0 1 1 0 0 0 0 1
"904" 0.591895 "11" -0.6193 1 0 1 0 0 0 0 1
"905" 0.432192 "11" 16.3807 0 1 0 0 0 0 0 1
"906" 0.512044 "11" -6.6193 0 1 0 0 0 0 0 1
"907" 0.512044 "11" 16.3807 1 0 1 0 0 0 0 1
"908" -0.206618 "11" -3.6193 0 1 1 0 0 0 0 1
"909" -1.084985 "11" -2.6193 0 1 1 0 0 0 0 1
"910" -0.605876 "11" 6.3807 0 1 1 0 0 0 0 1
"911" -1.244688 "11" 6.3807 1 0 0 0 0 0 0 1
"912" -0.28647 "11" -7.6193 0 1 0 0 0 0 0 1
"913" -0.765579 "11" 4.3807 0 1 0 0 0 0 0 1
"914" 1.071004 "11" 12.3807 0 1 0 0 0 0 0 1
"915" -0.446173 "11" 3.3807 0 1 0 0 0 0 0 1
"916" -1.084985 "11" -13.6193 0 1 0 0 0 0 0 1
"917" 1.230707 "11" 17.3807 1 0 1 0 0 0 0 1
"918" 0.83145 "11" 4.3807 0 1 1 0 0 0 0 1
"919" -1.40439 "11" -26.6193 0 0 0 0 0 0 0 1
"920" -0.526024 "11" -23.6193 0 0 0 0 0 0 0 1
"921" -0.446173 "11" 0.3807 0 1 1 0 0 0 0 1
"922" 0.032935 "11" 3.3807 1 0 0 0 0 0 0 1
"923" 0.751598 "11" 6.3807 1 0 0 0 0 0 0 1
"924" -1.244688 "11" -12.6193 0 1 0 0 0 0 0 1
"925" 0.751598 "11" -1.6193 1 0 0 0 0 0 0 1
"926" 0.83145 "11" -2.6193 0 0 0 0 0 0 0 1
"927" 0.112787 "11" 2.3807 0 1 1 0 0 0 0 1
"928" -0.046915 "11" -0.6193 0 1 1 0 0 0 0 1
"929" 0.032935 "11" -5.6193 0 1 1 0 0 0 0 1
"930" 0.352341 "11" 8.3807 1 0 0 0 0 0 0 1
"931" -0.366321 "11" -5.6193 0 1 1 0 0 0 0 1
"932" -0.526024 "11" 5.3807 0 1 0 0 0 0 0 1
"933" 0.352341 "11" 10.3807 1 0 1 0 0 0 0 1
"934" 0.591895 "11" -15.6193 1 0 0 0 0 0 0 1
"935" -1.643945 "11" -21.6193 0 0 0 0 0 0 0 1
"936" -0.446173 "11" 16.3807 1 0 0 0 0 0 0 1
"937" -1.883499 "11" -8.6193 0 0 1 0 0 0 0 1
"938" -1.084985 "11" -9.6193 0 0 1 0 0 0 0 1
"939" -0.765579 "11" 3.3807 0 1 0 0 0 0 0 1
"940" -0.446173 "11" -5.6193 1 0 0 0 0 0 0 1
"941" -0.92528 "11" 9.3807 1 0 1 0 0 0 0 1
"942" -0.84543 "11" -15.6193 0 1 0 0 0 0 0 1
"943" -0.605876 "11" 1.3807 0 1 0 0 0 0 0 1
"944" 1.789667 "11" 11.3807 1 0 1 0 0 0 0 1
"945" -0.925282 "11" -7.6193 0 1 1 0 0 0 0 1
"946" -0.84543 "11" -6.6193 0 1 1 0 0 0 0 1
"947" -0.84543 "11" 20.3807 1 0 0 0 0 0 0 1
"948" -0.605876 "11" 1.3807 0 1 1 0 0 0 0 1
"949" -1.643945 "11" -5.6193 0 1 1 0 0 0 0 1
"950" -0.126767 "11" 20.3807 1 0 1 0 0 0 0 1
"951" -0.765579 "11" 8.3807 1 0 1 0 0 0 0 1
"952" -1.324539 "11" -3.6193 0 1 0 0 0 0 0 1
"953" -0.126767 "11" 26.3807 1 0 0 0 0 0 0 1
"954" 1.550113 "11" 11.3807 1 0 1 0 0 0 0 1
"955" -1.723796 "11" -11.6193 0 0 0 0 0 0 0 1
"956" -0.925282 "11" -8.6193 0 1 0 0 0 0 0 1
"957" -0.925282 "11" -4.6193 0 1 0 0 0 0 0 1
"958" -0.366321 "11" 1.3807 1 0 1 0 0 0 0 1
"959" -0.925282 "11" -26.6193 0 1 0 0 0 0 0 1
"960" -1.40439 "11" -17.6193 0 1 0 0 0 0 0 1
"961" -1.40439 "11" -7.6193 0 1 1 0 0 0 0 1
"962" 0.83145 "11" 11.3807 1 0 0 0 0 0 0 1
"963" -1.883499 "11" -12.6193 0 1 0 0 0 0 0 1
"964" 0.512044 "11" 9.3807 0 1 1 0 0 0 0 1
"965" 0.352341 "11" 0.3807 0 1 1 0 0 0 0 1
"966" -0.28647 "11" -19.6193 0 0 1 0 0 0 0 1
"967" -1.723796 "11" -16.6193 0 0 0 0 0 0 0 1
"968" -0.685727 "11" -7.6193 0 1 0 0 0 0 0 1
"969" -1.963351 "11" -9.6193 0 1 0 0 0 0 0 1
"970" -1.164836 "11" 3.3807 1 0 0 0 0 0 0 1
"971" -0.366321 "11" -1.6193 0 1 1 0 0 0 0 1
"972" -0.366321 "11" -11.6193 0 1 0 0 0 0 0 1
"973" 1.230707 "11" 22.3807 1 0 0 0 0 0 0 1
"974" -0.046915 "11" 6.3807 0 1 1 0 0 0 0 1
"975" -0.28647 "11" 2.3807 1 0 0 0 0 0 0 1
"976" 0.352341 "11" 11.3807 0 1 0 0 0 0 0 1
"977" -0.84543 "11" -10.6193 0 1 1 0 0 0 0 1
"978" -1.883499 "11" -14.6193 0 0 0 0 0 0 0 1
"979" -0.366321 "11" -2.6193 0 1 1 0 0 0 0 1
"980" -1.883499 "11" -21.6193 0 0 0 0 0 0 0 1
"981" -1.164836 "11" -9.6193 0 1 0 0 0 0 0 1
"982" 0.272489 "11" -1.6193 0 1 1 0 0 0 0 1
"983" 0.192638 "11" 1.3807 0 1 1 0 0 0 0 1
"984" 0.192638 "11" 23.3807 1 0 0 0 0 0 0 1
"985" -1.244688 "11" 0.3807 0 1 1 0 0 0 0 1
"986" -1.244688 "11" -3.6193 0 0 1 0 0 0 0 1
"987" 0.192638 "11" 18.3807 1 0 1 0 0 0 0 1
"988" 0.512044 "12" -1.6193 0 1 1 0 0 0 0 0
"989" -1.8834998 "12" -7.6193 0 1 0 0 0 0 0 0
"990" -0.8454306 "12" 5.3807 0 1 0 0 0 0 0 0
"991" -0.5260247 "12" 21.3807 0 1 0 0 0 0 0 0
"992" -1.0051336 "12" -14.6193 0 0 1 0 0 0 0 0
"993" 0.9911532 "12" -20.6193 0 0 0 0 0 0 0 0
"994" -0.2864703 "12" 14.3807 1 0 0 0 0 0 0 0
"995" -1.5640939 "12" -12.6193 0 1 1 0 0 0 0 0
"996" 0.7515988 "12" 2.3807 1 0 1 0 0 0 0 0
"997" -0.5260247 "12" 6.3807 1 0 0 0 0 0 0 0
"998" 0.9911532 "12" -1.6193 0 1 1 0 0 0 0 0
"999" -0.7655792 "12" 7.3807 0 1 1 0 0 0 0 0
"1000" 0.8314502 "12" 12.3807 0 1 1 0 0 0 0 0
"1001" -1.8036483 "12" -12.6193 0 0 1 0 0 0 0 0
"1002" -2.0432027 "12" -27.6193 0 0 1 0 0 0 0 0
"1003" 0.9911532 "12" 18.3807 1 0 0 0 0 0 0 0
"1004" -0.7655792 "12" 1.3807 0 1 1 0 0 0 0 0
"1005" -1.0051336 "12" -2.6193 0 1 1 0 0 0 0 0
"1006" -1.0051336 "12" -18.6193 0 1 0 0 0 0 0 0
"1007" 0.0329355 "12" 4.3807 0 1 1 0 0 0 0 0
"1008" -1.8834998 "12" 1.3807 0 0 1 0 0 0 0 0
"1009" -0.2864703 "12" -7.6193 0 0 1 0 0 0 0 0
"1010" -1.9633513 "12" -18.6193 0 0 0 0 0 0 0 0
"1011" 1.0710047 "12" -11.6193 0 1 0 0 0 0 0 0
"1012" -1.7237968 "12" 3.3807 0 0 1 0 0 0 0 0
"1013" -0.9252821 "12" -20.6193 0 0 1 0 0 0 0 0
"1014" 0.4321929 "13" 18.3807 1 0 0 1 0 0 0 0
"1015" 2.2687768 "13" 9.3807 1 0 0 1 0 0 0 0
"1016" -0.1267674 "13" -5.6193 0 1 0 1 0 0 0 0
"1017" 1.1508561 "13" -6.6193 0 1 0 1 0 0 0 0
"1018" 0.3523414 "13" -0.6193 0 1 0 1 0 0 0 0
"1019" 1.7896679 "13" 2.3807 1 0 0 1 0 0 0 0
"1020" -0.6857277 "13" -34.6193 0 1 0 1 0 0 0 0
"1021" -1.1648365 "13" -16.6193 0 0 0 1 0 0 0 0
"1022" -0.5260247 "13" -9.6193 0 1 0 1 0 0 0 0
"1023" -0.0469159 "13" -0.6193 0 0 0 1 0 0 0 0
"1024" 1.2307076 "13" 0.3807 0 1 0 1 0 0 0 0
"1025" 2.1090738 "13" 15.3807 1 0 0 1 0 0 0 0
"1026" -0.2066188 "13" 4.3807 1 0 0 1 0 0 0 0
"1027" -0.4461733 "13" 4.3807 0 1 0 1 0 0 0 0
"1028" 0.112787 "13" -26.6193 0 1 0 1 0 0 0 0
"1029" -1.3245395 "13" -1.6193 0 1 0 1 0 0 0 0
"1030" 1.8695194 "13" -10.6193 0 0 0 1 0 0 0 0
"1031" 0.4321929 "13" 16.3807 1 0 0 1 0 0 0 0
"1032" 2.1889253 "13" 8.3807 0 1 0 1 0 0 0 0
"1033" 0.6717473 "13" -19.6193 1 0 0 1 0 0 0 0
"1034" -1.9633513 "13" -5.6193 0 1 0 1 0 0 0 0
"1035" -0.36632 "13" 2.3807 0 1 0 1 0 0 0 0
"1036" 0.671747 "13" 6.3807 1 0 0 1 0 0 0 0
"1037" 0.192638 "13" 0.3807 1 0 0 1 0 0 0 0
"1038" -0.685727 "13" -10.6193 0 1 0 1 0 0 0 0
"1039" -0.84543 "13" -4.6193 0 0 0 1 0 0 0 0
"1040" 0.751598 "13" -3.6193 0 1 0 1 0 0 0 0
"1041" -0.685727 "13" -14.6193 0 0 0 1 0 0 0 0
"1042" -1.40439 "13" -15.6193 0 1 0 1 0 0 0 0
"1043" 0.83145 "13" -14.6193 0 0 0 1 0 0 0 0
"1044" -0.765579 "13" 0.3807 0 1 0 1 0 0 0 0
"1045" -0.526024 "13" 1.3807 0 1 0 1 0 0 0 0
"1046" -0.925282 "13" -17.6193 0 1 0 1 0 0 0 0
"1047" 1.310559 "13" -8.6193 0 1 0 1 0 0 0 0
"1048" 0.991153 "13" -7.6193 0 1 0 1 0 0 0 0
"1049" 0.83145 "13" 0.3807 0 1 0 1 0 0 0 0
"1050" -1.084985 "13" -7.6193 0 1 0 1 0 0 0 0
"1051" -0.84543 "14" 4.3807 0 1 1 0 1 0 0 0
"1052" -0.28647 "14" -18.6193 0 1 1 0 1 0 0 0
"1053" 0.352341 "14" -3.6193 0 1 1 0 1 0 0 0
"1054" -0.046915 "14" 8.3807 1 0 1 0 1 0 0 0
"1055" 0.112787 "14" -11.6193 0 1 1 0 1 0 0 0
"1056" -0.126767 "14" -12.6193 0 1 1 0 1 0 0 0
"1057" -0.446173 "14" -20.6193 0 0 1 0 1 0 0 0
"1058" 1.071004 "14" -8.6193 1 0 1 0 1 0 0 0
"1059" -0.28647 "14" 13.3807 1 0 1 0 1 0 0 0
"1060" -1.164836 "14" -11.6193 0 0 1 0 1 0 0 0
"1061" -0.84543 "14" -18.6193 0 0 1 0 1 0 0 0
"1062" 0.192638 "14" 17.3807 0 1 1 0 1 0 0 0
"1063" 0.272489 "14" -0.6193 0 1 1 0 1 0 0 0
"1064" -0.046915 "14" 3.3807 0 1 1 0 1 0 0 0
"1065" -0.206618 "14" -8.6193 0 1 1 0 1 0 0 0
"1066" -1.643945 "14" -24.6193 0 0 1 0 1 0 0 0
"1067" 0.671747 "14" 18.3807 1 0 1 0 1 0 0 0
"1068" -1.963351 "14" -20.6193 0 1 1 0 1 0 0 0
"1069" -2.123054 "14" -27.6193 0 0 1 0 1 0 0 0
"1070" -2.123054 "14" -22.6193 0 0 1 0 1 0 0 0
"1071" -0.605876 "14" 5.3807 0 1 1 0 1 0 0 0
"1072" -1.564093 "14" -24.6193 0 0 1 0 1 0 0 0
"1073" 0.751598 "14" 0.3807 0 1 1 0 1 0 0 0
"1074" -1.564093 "14" -30.6193 0 0 1 0 1 0 0 0
"1075" -0.206618 "14" -16.6193 0 0 1 0 1 0 0 0
"1076" -1.244688 "14" -4.6193 0 1 1 0 1 0 0 0
"1077" -1.084985 "14" -8.6193 0 1 1 0 1 0 0 0
"1078" 0.352341 "14" 15.3807 1 0 1 0 1 0 0 0
"1079" 0.032935 "14" -3.6193 0 1 1 0 1 0 0 0
"1080" 1.150856 "14" 7.3807 1 0 1 0 1 0 0 0
"1081" -0.126767 "14" 4.3807 0 1 1 0 1 0 0 0
"1082" -0.84543 "14" -19.6193 0 1 1 0 1 0 0 0
"1083" -1.084985 "14" -22.6193 0 0 1 0 1 0 0 0
"1084" -0.765579 "14" -6.6193 0 1 1 0 1 0 0 0
"1085" 0.512044 "14" 0.3807 0 1 1 0 1 0 0 0
"1086" -0.126767 "14" 1.3807 0 1 1 0 1 0 0 0
"1087" -0.84543 "14" -24.6193 0 0 1 0 1 0 0 0
"1088" -0.28647 "14" -12.6193 0 1 1 0 1 0 0 0
"1089" -0.366321 "14" -5.6193 0 1 1 0 1 0 0 0
"1090" -0.685727 "14" 1.3807 0 1 1 0 1 0 0 0
"1091" -0.685727 "14" -6.6193 0 1 1 0 1 0 0 0
"1092" -1.564093 "14" -1.6193 0 1 1 0 1 0 0 0
"1093" 0.432192 "14" 2.3807 1 0 1 0 1 0 0 0
"1094" -0.28647 "14" 0.3807 0 1 1 0 1 0 0 0
"1095" 0.192638 "14" 15.3807 0 1 1 0 1 0 0 0
"1096" -0.526024 "14" -7.6193 0 1 1 0 1 0 0 0
"1097" -0.765579 "14" -11.6193 0 1 1 0 1 0 0 0
"1098" -0.526024 "14" 1.3807 1 0 1 0 1 0 0 0
"1099" 0.032935 "14" 9.3807 0 1 1 0 1 0 0 0
"1100" 0.83145 "14" 7.3807 0 1 1 0 1 0 0 0
"1101" -0.046915 "14" -8.6193 0 1 1 0 1 0 0 0
"1102" -0.605876 "14" -5.6193 0 1 1 0 1 0 0 0
"1103" -0.925282 "14" -22.6193 0 0 1 0 1 0 0 0
"1104" 0.911301 "14" -1.6193 1 0 1 0 1 0 0 0
"1105" -0.685727 "14" -14.6193 0 1 1 0 1 0 0 0
"1106" 0.512044 "14" 22.3807 1 0 1 0 1 0 0 0
"1107" -1.084985 "14" -16.6193 0 0 1 0 1 0 0 0
"1108" -0.206618 "14" -17.6193 0 1 1 0 1 0 0 0
"1109" -0.685727 "14" -13.6193 0 1 1 0 1 0 0 0
"1110" -2.123054 "14" -34.6193 0 0 1 0 1 0 0 0
"1111" -0.366321 "14" -2.6193 0 1 1 0 1 0 0 0
"1112" 0.591895 "14" -13.6193 0 1 1 0 1 0 0 0
"1113" -0.366321 "14" -7.6193 0 0 1 0 1 0 0 0
"1114" -0.925282 "14" -5.6193 0 1 1 0 1 0 0 0
"1115" -1.564093 "14" -8.6193 0 0 1 0 1 0 0 0
"1116" -0.526024 "14" -20.6193 0 0 1 0 1 0 0 0
"1117" -0.605876 "14" -17.6193 0 0 1 0 1 0 0 0
"1118" -1.40439 "14" 3.3807 0 1 1 0 1 0 0 0
"1119" 0.192638 "14" -5.6193 0 1 1 0 1 0 0 0
"1120" -1.164836 "14" -13.6193 0 0 1 0 1 0 0 0
"1121" -1.164836 "14" -15.6193 0 0 1 0 1 0 0 0
"1122" -1.963351 "14" -23.6193 0 0 1 0 1 0 0 0
"1123" 0.272489 "14" 17.3807 0 1 1 0 1 0 0 0
"1124" -0.605876 "15" -24.6193 0 0 0 0 0 0 0 0
"1125" 0.352341 "15" 2.3807 1 0 0 0 0 0 0 0
"1126" 1.310559 "15" -12.6193 0 1 0 0 0 0 0 0
"1127" -0.046915 "15" -13.6193 0 1 1 0 0 0 0 0
"1128" 0.192638 "15" 2.3807 1 0 1 0 0 0 0 0
"1129" 0.59189 "15" -7.6193 0 0 1 0 0 0 0 0
"1130" 0.352341 "15" 3.3807 0 1 0 0 0 0 0 0
"1131" -0.925282 "15" -8.6193 0 1 0 0 0 0 0 0
"1132" -0.126767 "15" 6.3807 1 0 0 0 0 0 0 0
"1133" 0.991153 "15" -8.6193 0 1 0 0 0 0 0 0
"1134" -0.925282 "15" -7.6193 0 1 0 0 0 0 0 0
"1135" -1.803648 "15" -19.6193 0 0 0 0 0 0 0 0
"1136" -0.685727 "15" -14.6193 0 0 1 0 0 0 0 0
"1137" -1.164836 "15" -12.6193 0 1 0 0 0 0 0 0
"1138" 0.591895 "15" 8.3807 0 1 0 0 0 0 0 0
"1139" 0.911301 "15" 1.3807 1 0 0 0 0 0 0 0
"1140" -0.446173 "15" -6.6193 0 1 1 0 0 0 0 0
"1141" -0.446173 "15" -16.6193 0 1 1 0 0 0 0 0
"1142" 1.310559 "15" 1.3807 1 0 1 0 0 0 0 0
"1143" 0.27249 "15" -6.6193 0 1 1 0 0 0 0 0
"1144" 0.192638 "15" -7.6193 0 1 1 0 0 0 0 0
"1145" -1.324539 "15" -31.6193 0 0 0 0 0 0 0 0
"1146" 0.27249 "15" -12.6193 0 1 0 0 0 0 0 0
"1147" -0.605876 "15" 3.3807 0 1 0 0 0 0 0 0
"1148" 1.470262 "15" 7.3807 1 0 1 0 0 0 0 0
"1149" -0.685727 "15" -0.6193 0 1 0 0 0 0 0 0
"1150" 1.470262 "15" 12.3807 1 0 1 0 0 0 0 0
"1151" -1.404391 "15" 12.3807 0 1 1 0 0 0 0 0
"1152" 0.352341 "15" 2.3807 0 1 0 0 0 0 0 0
"1153" 1.071004 "15" 6.3807 0 1 0 0 0 0 0 0
"1154" -1.164836 "15" 4.3807 0 0 0 0 0 0 0 0
"1155" -0.366321 "15" -10.6193 0 1 1 0 0 0 0 0
"1156" -1.164836 "15" -9.6193 0 1 0 0 0 0 0 0
"1157" -1.164836 "15" -6.6193 0 1 1 0 0 0 0 0
"1158" -0.366321 "15" -20.6193 0 1 0 0 0 0 0 0
"1159" -0.366321 "15" -3.6193 0 0 0 0 0 0 0 0
"1160" -1.164836 "15" -5.6193 0 0 1 0 0 0 0 0
"1161" 0.83145 "15" 7.3807 1 0 0 0 0 0 0 0
"1162" -0.126767 "15" -17.6193 0 0 1 0 0 0 0 0
"1163" -0.366321 "15" -19.6193 0 1 0 0 0 0 0 0
"1164" -0.446173 "15" 1.3807 0 1 1 0 0 0 0 0
"1165" -1.005133 "15" -20.6193 0 0 0 0 0 0 0 0
"1166" -1.164836 "15" -6.6193 0 0 0 0 0 0 0 0
"1167" -0.206618 "15" 3.3807 0 1 0 0 0 0 0 0
"1168" -0.446173 "15" -13.6193 0 1 1 0 0 0 0 0
"1169" -1.244688 "15" -22.6193 0 0 0 0 0 0 0 0
"1170" -0.84543 "15" -12.6193 0 1 0 0 0 0 0 0
"1171" 0.27249 "15" 6.3807 0 1 1 0 0 0 0 0
"1172" -0.446173 "15" -29.6193 0 1 1 0 0 0 0 0
"1173" -1.484242 "15" -25.6193 0 0 1 0 0 0 0 0
"1174" 0.112787 "15" -10.6193 0 1 0 0 0 0 0 0
"1175" -0.366321 "15" 0.3807 0 0 1 0 0 0 0 0
"1176" 0.67174 "15" 19.3807 0 1 0 0 0 0 0 0
"1177" -0.366321 "15" -10.6193 0 1 0 0 0 0 0 0
"1178" 0.991153 "15" -1.6193 1 0 0 0 0 0 0 0
"1179" 0.352341 "15" -0.6193 1 0 1 0 0 0 0 0
"1180" -1.723796 "15" -28.6193 0 0 1 0 0 0 0 0
"1181" -0.526024 "15" -2.6193 0 1 0 0 0 0 0 0
"1182" 0.671747 "15" -0.6193 0 1 1 0 0 0 0 0
"1183" -0.28647 "15" -10.6193 0 1 1 0 0 0 0 0
"1184" 0.591895 "15" 9.3807 1 0 1 0 0 0 0 0
"1185" -1.40439 "15" -7.6193 0 1 1 0 0 0 0 0
"1186" 1.94937 "15" 12.3807 1 0 1 0 0 0 0 0
"1187" -0.446173 "15" -19.6193 0 0 0 0 0 0 0 0
"1188" -1.005133 "15" -18.6193 0 0 0 0 0 0 0 0
"1189" 0.591895 "15" -0.6193 1 0 0 0 0 0 0 0
"1190" 0.911301 "15" -1.6193 1 0 1 0 0 0 0 0
"1191" -2.043202 "15" -10.6193 0 0 0 0 0 0 0 0
"1192" -0.765579 "15" -6.6193 0 1 0 0 0 0 0 0
"1193" -1.244688 "15" -21.6193 0 1 0 0 0 0 0 0
"1194" -1.803648 "15" -32.6193 0 0 0 0 0 0 0 0
"1195" -0.126767 "15" -0.6193 0 1 0 0 0 0 0 0
"1196" -0.765579 "15" -7.6193 0 1 0 0 0 0 0 0
"1197" -0.765579 "15" -10.6193 0 1 1 0 0 0 0 0
"1198" -1.324539 "15" -19.6193 0 1 0 0 0 0 0 0
"1199" 1.629965 "16" 9.3807 0 1 0 1 0 0 0 0
"1200" 0.112787 "16" -34.6193 0 0 0 1 0 0 0 0
"1201" 0.432192 "16" -10.6193 0 1 0 1 0 0 0 0
"1202" 0.751598 "16" 2.3807 0 1 0 1 0 0 0 0
"1203" -1.883499 "16" -27.6193 0 0 0 1 0 0 0 0
"1204" 0.032935 "16" -2.6193 0 0 0 1 0 0 0 0
"1205" -0.685727 "16" -6.6193 0 1 0 1 0 0 0 0
"1206" -1.564093 "16" -22.6193 0 0 0 1 0 0 0 0
"1207" 0.192638 "16" 2.3807 0 1 0 1 0 0 0 0
"1208" 0.512044 "16" -1.6193 0 0 0 1 0 0 0 0
"1209" 0.591895 "16" 4.3807 0 1 0 1 0 0 0 0
"1210" -1.005133 "16" 1.3807 0 1 0 1 0 0 0 0
"1211" -0.84543 "16" 0.3807 0 1 0 1 0 0 0 0
"1212" 0.991153 "16" 13.3807 1 0 0 1 0 0 0 0
"1213" -0.126767 "16" -6.6193 0 1 0 1 0 0 0 0
"1214" 0.991153 "16" 9.3807 0 1 0 1 0 0 0 0
"1215" -1.005133 "16" -15.6193 0 0 0 1 0 0 0 0
"1216" -1.40439 "16" -29.6193 0 0 0 1 0 0 0 0
"1217" -1.005133 "16" -11.6193 0 0 0 1 0 0 0 0
"1218" 0.272489 "16" -17.6193 0 1 0 1 0 0 0 0
"1219" -1.005133 "16" -10.6193 0 1 0 1 0 0 0 0
"1220" 0.911301 "16" 10.3807 0 1 0 1 0 0 0 0
"1221" 0.032935 "16" 7.3807 1 0 0 1 0 0 0 0
"1222" -0.84543 "16" -15.6193 0 0 0 1 0 0 0 0
"1223" 0.03293 "16" -7.6193 0 1 0 1 0 0 0 0
"1224" -1.084985 "16" -11.6193 0 0 0 1 0 0 0 0
"1225" 0.192638 "16" -2.6193 0 0 0 1 0 0 0 0
"1226" 0.751598 "16" -8.6193 0 1 0 1 0 0 0 0
"1227" -0.685727 "16" -31.6193 0 0 0 1 0 0 0 0
"1228" 1.709816 "16" 7.3807 0 1 0 1 0 0 0 0
"1229" -0.366321 "16" -6.6193 0 1 0 1 0 0 0 0
"1230" -1.084985 "16" -8.6193 0 1 0 1 0 0 0 0
"1231" -1.40439 "16" -8.6193 0 0 0 1 0 0 0 0
"1232" -0.605876 "16" -14.6193 0 0 0 1 0 0 0 0
"1233" -1.244688 "16" -1.6193 0 1 0 1 0 0 0 0
"1234" -1.324539 "16" -16.6193 0 1 0 1 0 0 0 0
"1235" 0.352341 "16" 0.3807 0 1 0 1 0 0 0 0
"1236" -0.206618 "16" -4.6193 0 1 0 1 0 0 0 0
"1237" 0.991153 "16" 3.3807 1 0 0 1 0 0 0 0
"1238" -1.005133 "17" 5.3807 0 1 0 0 0 1 0 0
"1239" -0.925282 "17" 11.3807 1 0 1 0 0 1 0 0
"1240" 0.352341 "17" -7.6193 0 1 0 0 0 1 0 0
"1241" -0.84543 "17" -0.6193 0 1 1 0 0 1 0 0
"1242" -0.366321 "17" 2.3807 0 1 0 0 0 1 0 0
"1243" -1.005133 "17" -18.6193 0 0 1 0 0 1 0 0
"1244" -0.605876 "17" -0.6193 0 1 1 0 0 1 0 0
"1245" 0.112787 "17" 10.3807 0 1 0 0 0 1 0 0
"1246" -1.643945 "17" -23.6193 0 0 0 0 0 1 0 0
"1247" -1.164836 "17" -4.6193 0 1 0 0 0 1 0 0
"1248" -0.366321 "17" 20.3807 1 0 1 0 0 1 0 0
"1249" -1.244688 "17" -6.6193 0 1 0 0 0 1 0 0
"1250" -0.605876 "17" -0.6193 0 1 0 0 0 1 0 0
"1251" -0.765579 "17" -9.6193 0 1 0 0 0 1 0 0
"1252" -1.324539 "17" -9.6193 0 1 0 0 0 1 0 0
"1253" -1.084985 "17" 3.3807 1 0 0 0 0 1 0 0
"1254" -1.084985 "17" 5.3807 0 1 1 0 0 1 0 0
"1255" -0.526024 "17" -2.6193 0 1 0 0 0 1 0 0
"1256" -1.244688 "17" 4.3807 0 1 0 0 0 1 0 0
"1257" 0.032935 "17" -1.6193 0 0 1 0 0 1 0 0
"1258" 0.192638 "17" 10.3807 1 0 1 0 0 1 0 0
"1259" -0.366321 "17" 2.3807 0 0 0 0 0 1 0 0
"1260" -1.40439 "17" -12.6193 0 0 0 0 0 1 0 0
"1261" -1.40439 "17" -9.6193 0 0 0 0 0 1 0 0
"1262" -1.723796 "17" 2.3807 0 1 0 0 0 1 0 0
"1263" -1.244688 "17" -2.6193 1 0 1 0 0 1 0 0
"1264" 0.192638 "17" 6.3807 1 0 1 0 0 1 0 0
"1265" -0.28647 "17" -15.6193 0 1 0 0 0 1 0 0
"1266" -1.244688 "17" -15.6193 0 0 1 0 0 1 0 0
"1267" -0.206618 "17" 10.3807 0 1 1 0 0 1 0 0
"1268" -1.40439 "17" 7.3807 1 0 1 0 0 1 0 0
"1269" -1.484242 "17" 5.3807 0 1 0 0 0 1 0 0
"1270" -1.08498 "17" -13.6193 0 0 1 0 0 1 0 0
"1271" -0.28647 "17" 8.3807 0 1 0 0 0 1 0 0
"1272" -1.164836 "17" -12.6193 0 0 0 0 0 1 0 0
"1273" -1.244688 "17" -9.6193 0 0 0 0 0 1 0 0
"1274" -1.484242 "17" -19.6193 0 0 0 0 0 1 0 0
"1275" -1.244688 "17" 5.3807 0 1 0 0 0 1 0 0
"1276" -0.84543 "17" -1.6193 1 0 1 0 0 1 0 0
"1277" -0.206618 "17" 4.3807 0 1 1 0 0 1 0 0
"1278" -0.366321 "17" -4.6193 0 1 1 0 0 1 0 0
"1279" -0.765579 "17" -7.6193 0 1 1 0 0 1 0 0
"1280" -1.40439 "17" -25.6193 0 0 1 0 0 1 0 0
"1281" 0.112787 "17" 0.3807 0 1 1 0 0 1 0 0
"1282" -0.046915 "17" 16.3807 1 0 1 0 0 1 0 0
"1283" -1.963351 "17" -34.6193 0 0 0 0 0 1 0 0
"1284" -0.526024 "17" 5.3807 0 1 1 0 0 1 0 0
"1285" -0.605876 "17" -17.6193 0 0 0 0 0 1 0 0
"1286" 0.671747 "17" -18.6193 0 0 0 0 0 1 0 0
"1287" -0.925282 "17" -3.6193 0 1 1 0 0 1 0 0
"1288" -1.164836 "17" 1.3807 0 1 1 0 0 1 0 0
"1289" -1.005133 "17" 4.3807 0 1 1 0 0 1 0 0
"1290" 0.192638 "17" -6.6193 0 1 0 0 0 1 0 0
"1291" -1.005133 "17" -7.6193 0 1 0 0 0 1 0 0
"1292" -1.484242 "17" -9.6193 0 1 0 0 0 1 0 0
"1293" -0.526024 "17" -2.6193 0 1 1 0 0 1 0 0
"1294" -1.005133 "17" -8.6193 0 1 0 0 0 1 0 0
"1295" 0.751598 "18" 12.3807 0 1 1 0 1 0 0 0
"1296" -0.605876 "18" -11.6193 0 1 1 0 1 0 0 0
"1297" 1.709816 "18" 10.3807 1 0 1 0 1 0 0 0
"1298" 0.83145 "18" -17.6193 0 1 1 0 1 0 0 0
"1299" -0.046915 "18" -4.6193 0 1 1 0 1 0 0 0
"1300" -0.046915 "18" 7.3807 1 0 1 0 1 0 0 0
"1301" 1.230707 "18" 3.3807 1 0 1 0 1 0 0 0
"1302" 0.671747 "18" 10.3807 0 1 1 0 1 0 0 0
"1303" 0.192638 "18" -3.6193 0 1 1 0 1 0 0 0
"1304" -0.366321 "18" -9.6193 0 1 1 0 1 0 0 0
"1305" 1.150856 "18" -4.6193 0 1 1 0 1 0 0 0
"1306" -0.925282 "18" -16.6193 0 1 1 0 1 0 0 0
"1307" 1.709816 "18" 14.3807 0 1 1 0 1 0 0 0
"1308" -0.765579 "18" -4.6193 0 1 1 0 1 0 0 0
"1309" -1.084985 "18" -28.6193 0 1 1 0 1 0 0 0
"1310" -0.28647 "18" 1.3807 0 1 1 0 1 0 0 0
"1311" 0.432192 "18" -8.6193 0 1 1 0 1 0 0 0
"1312" 1.550113 "18" 4.3807 1 0 1 0 1 0 0 0
"1313" 0.192638 "18" -9.6193 1 0 1 0 1 0 0 0
"1314" 1.550113 "18" 4.3807 0 1 1 0 1 0 0 0
"1315" -1.164836 "18" -22.6193 0 0 1 0 1 0 0 0
"1316" 0.512044 "18" -4.6193 0 1 1 0 1 0 0 0
"1317" -0.20661 "18" 2.3807 0 1 1 0 1 0 0 0
"1318" -0.206618 "18" -11.6193 0 1 1 0 1 0 0 0
"1319" -0.605876 "18" -11.6193 0 1 1 0 1 0 0 0
"1320" 0.352341 "18" -8.6193 0 1 1 0 1 0 0 0
"1321" 1.150856 "18" -1.6193 1 0 1 0 1 0 0 0
"1322" 0.432192 "18" 4.3807 0 1 1 0 1 0 0 0
"1323" 0.83145 "18" 6.3807 1 0 1 0 1 0 0 0
"1324" -0.765579 "18" 0.3807 0 1 1 0 1 0 0 0
"1325" -0.206618 "18" -22.6193 0 0 1 0 1 0 0 0
"1326" 0.432192 "18" -9.6193 0 1 1 0 1 0 0 0
"1327" 0.512044 "18" 5.3807 1 0 1 0 1 0 0 0
"1328" -0.206618 "18" 4.3807 0 1 1 0 1 0 0 0
"1329" 0.112787 "18" -8.6193 0 0 1 0 1 0 0 0
"1330" 1.470262 "18" -3.6193 0 1 1 0 1 0 0 0
"1331" 0.911301 "18" 13.3807 1 0 1 0 1 0 0 0
"1332" 0.83145 "18" -17.6193 0 0 1 0 1 0 0 0
"1333" 0.032935 "18" -12.6193 0 0 1 0 1 0 0 0
"1334" 1.071004 "18" 2.3807 0 1 1 0 1 0 0 0
"1335" 0.432192 "18" -5.6193 0 1 1 0 1 0 0 0
"1336" 0.112787 "18" -7.6193 0 1 1 0 1 0 0 0
"1337" 0.512044 "18" -9.6193 0 1 1 0 1 0 0 0
"1338" -0.925282 "18" -13.6193 0 1 1 0 1 0 0 0
"1339" -0.765579 "18" -10.6193 0 1 1 0 1 0 0 0
"1340" 0.83145 "18" 8.3807 0 1 1 0 1 0 0 0
"1341" 0.591895 "18" 16.3807 0 1 1 0 1 0 0 0
"1342" 0.272489 "18" -13.6193 0 1 1 0 1 0 0 0
"1343" 0.751598 "18" -1.6193 0 1 1 0 1 0 0 0
"1344" -0.84543 "18" -3.6193 0 1 1 0 1 0 0 0
"1345" -0.206618 "18" -4.6193 0 1 1 0 1 0 0 0
"1346" 1.230707 "18" 10.3807 1 0 1 0 1 0 0 0
"1347" 1.709816 "18" 5.3807 1 0 1 0 1 0 0 0
"1348" 0.032935 "18" -3.6193 0 1 1 0 1 0 0 0
"1349" 1.230707 "18" -0.6193 0 1 1 0 1 0 0 0
"1350" 0.911301 "18" -26.6193 0 0 1 0 1 0 0 0
"1351" -0.28647 "18" -13.6193 0 0 1 0 1 0 0 0
"1352" -1.164836 "18" -13.6193 0 1 1 0 1 0 0 0
"1353" 1.150856 "18" -12.6193 0 1 1 0 1 0 0 0
"1354" -1.244688 "18" -11.6193 0 0 1 0 1 0 0 0
"1355" 0.591895 "18" 8.3807 1 0 1 0 1 0 0 0
"1356" -0.526024 "18" 8.3807 0 1 1 0 1 0 0 0
"1357" -0.605876 "18" -4.6193 0 1 1 0 1 0 0 0
"1358" 0.112787 "18" -6.6193 0 1 1 0 1 0 0 0
"1359" 2.029222 "18" 35.3807 1 0 1 0 1 0 0 0
"1360" -0.526024 "18" 0.3807 0 1 1 0 1 0 0 0
"1361" -0.605876 "18" 7.3807 0 1 1 0 1 0 0 0
"1362" 0.272489 "18" 7.3807 0 1 1 0 1 0 0 0
"1363" -1.244688 "18" -22.6193 0 0 1 0 1 0 0 0
"1364" 0.19263 "18" -12.6193 0 1 1 0 1 0 0 0
"1365" -0.925282 "18" -22.6193 0 0 1 0 1 0 0 0
"1366" 0.591895 "18" 6.3807 0 1 1 0 1 0 0 0
"1367" -0.925282 "18" -0.6193 0 1 1 0 1 0 0 0
"1368" -1.564093 "18" 4.3807 0 1 1 0 1 0 0 0
"1369" 0.272489 "18" -4.6193 0 1 1 0 1 0 0 0
"1370" 0.591895 "18" -6.6193 0 1 1 0 1 0 0 0
"1371" 0.911301 "18" 10.3807 0 1 1 0 1 0 0 0
"1372" 0.112787 "18" -8.6193 0 1 1 0 1 0 0 0
"1373" 0.032935 "18" -4.6193 0 1 1 0 1 0 0 0
"1374" 0.272489 "19" -2.6193 0 1 1 0 1 0 1 0
"1375" 0.512044 "19" -0.6193 1 0 1 0 1 0 1 0
"1376" 1.071004 "19" 2.3807 0 1 1 0 1 0 1 0
"1377" 0.272489 "19" 1.3807 0 0 1 0 1 0 1 0
"1378" -0.28647 "19" -23.6193 0 0 1 0 1 0 1 0
"1379" 1.39041 "19" 8.3807 1 0 1 0 1 0 1 0
"1380" -1.244688 "19" -5.6193 0 1 1 0 1 0 1 0
"1381" 2.508331 "19" 23.3807 1 0 1 0 1 0 1 0
"1382" 1.230707 "19" -25.6193 1 0 1 0 1 0 1 0
"1383" -1.564093 "19" -8.6193 0 0 1 0 1 0 1 0
"1384" -0.046915 "19" -3.6193 0 1 1 0 1 0 1 0
"1385" -1.244688 "19" -2.6193 0 0 1 0 1 0 1 0
"1386" 0.671747 "19" 5.3807 0 1 1 0 1 0 1 0
"1387" -1.643945 "19" -10.6193 0 0 1 0 1 0 1 0
"1388" 2.188925 "19" 20.3807 1 0 1 0 1 0 1 0
"1389" -1.564093 "19" -4.6193 0 1 1 0 1 0 1 0
"1390" -0.366321 "19" 10.3807 0 1 1 0 1 0 1 0
"1391" 1.150856 "19" 3.3807 1 0 1 0 1 0 1 0
"1392" 2.827737 "19" 18.3807 1 0 1 0 1 0 1 0
"1393" 0.911301 "19" 8.3807 1 0 1 0 1 0 1 0
"1394" -1.164836 "19" -1.6193 0 0 1 0 1 0 1 0
"1395" 0.911301 "19" 10.3807 1 0 1 0 1 0 1 0
"1396" 1.071004 "19" 2.3807 0 1 1 0 1 0 1 0
"1397" 2.188925 "19" 10.3807 1 0 1 0 1 0 1 0
"1398" -0.126767 "19" -8.6193 0 1 1 0 1 0 1 0
"1399" 1.310559 "19" 26.3807 1 0 1 0 1 0 1 0
"1400" 1.310559 "19" 16.3807 1 0 1 0 1 0 1 0
"1401" 1.230707 "19" 7.3807 0 1 1 0 1 0 1 0
"1402" 0.352341 "19" 14.3807 0 1 1 0 1 0 1 0
"1403" -1.244688 "19" -0.6193 0 1 1 0 1 0 1 0
"1404" -1.164836 "19" -11.6193 0 1 1 0 1 0 1 0
"1405" -1.244688 "19" -19.6193 0 1 1 0 1 0 1 0
"1406" 1.629965 "19" 9.3807 1 0 1 0 1 0 1 0
"1407" 1.470262 "19" 12.3807 0 1 1 0 1 0 1 0
"1408" -0.28647 "19" -4.6193 0 1 1 0 1 0 1 0
"1409" -1.084985 "19" -3.6193 0 0 1 0 1 0 1 0
"1410" 1.150856 "19" 35.3807 1 0 1 0 1 0 1 0
"1411" -0.52602 "19" -5.6193 0 1 1 0 1 0 1 0
"1412" 2.98744 "19" 35.3807 1 0 1 0 1 0 1 0
"1413" 3.5464 "19" 23.3807 1 0 1 0 1 0 1 0
"1414" 2.188925 "19" 14.3807 1 0 1 0 1 0 1 0
"1415" 0.272489 "19" -1.6193 0 1 1 0 1 0 1 0
"1416" 0.751598 "20" 3.3807 0 1 1 0 1 0 0 1
"1417" -0.925282 "20" -10.6193 0 0 1 0 1 0 0 1
"1418" 0.272489 "20" -6.6193 0 1 1 0 1 0 0 1
"1419" -1.084985 "20" -0.6193 0 1 1 0 1 0 0 1
"1420" -1.005133 "20" -6.6193 0 1 1 0 1 0 0 1
"1421" 0.432192 "20" -0.6193 0 1 1 0 1 0 0 1
"1422" -0.28647 "20" 3.3807 0 1 1 0 1 0 0 1
"1423" 0.991153 "20" 1.3807 0 1 1 0 1 0 0 1
"1424" 0.991153 "20" -3.6193 0 1 1 0 1 0 0 1
"1425" 0.352341 "20" -10.6193 0 0 1 0 1 0 0 1
"1426" -0.925282 "20" -0.6193 0 1 1 0 1 0 0 1
"1427" -0.366321 "20" 3.3807 0 1 1 0 1 0 0 1
"1428" -0.685727 "20" -16.6193 0 1 1 0 1 0 0 1
"1429" 0.671747 "20" 6.3807 0 1 1 0 1 0 0 1
"1430" 0.112787 "20" 3.3807 0 1 1 0 1 0 0 1
"1431" -1.005133 "20" -13.6193 0 0 1 0 1 0 0 1
"1432" -0.446173 "20" -5.6193 0 1 1 0 1 0 0 1
"1433" -1.005133 "20" -0.6193 0 1 1 0 1 0 0 1
"1434" -0.206618 "20" -27.6193 0 1 1 0 1 0 0 1
"1435" 0.272489 "20" -23.6193 0 0 1 0 1 0 0 1
"1436" -0.765579 "20" -2.6193 0 1 1 0 1 0 0 1
"1437" 1.39041 "20" 6.3807 0 1 1 0 1 0 0 1
"1438" 0.352341 "20" -3.6193 0 1 1 0 1 0 0 1
"1439" -0.366321 "20" -21.6193 0 0 1 0 1 0 0 1
"1440" -1.40439 "20" -7.6193 0 0 1 0 1 0 0 1
"1441" 1.789667 "20" -0.6193 0 1 1 0 1 0 0 1
"1442" 0.671747 "20" -2.6193 0 1 1 0 1 0 0 1
"1443" -0.206618 "20" 0.3807 0 1 1 0 1 0 0 1
"1444" 0.991153 "20" 2.3807 0 1 1 0 1 0 0 1
"1445" 0.272489 "20" 8.3807 1 0 1 0 1 0 0 1
"1446" 0.591895 "20" 3.3807 0 1 1 0 1 0 0 1
"1447" -0.046915 "20" -9.6193 0 1 1 0 1 0 0 1
"1448" -1.643945 "20" -15.6193 0 0 1 0 1 0 0 1
"1449" -0.28647 "20" -6.6193 0 1 1 0 1 0 0 1
"1450" -1.164836 "20" -4.6193 0 1 1 0 1 0 0 1
"1451" -0.765579 "20" -12.6193 0 0 1 0 1 0 0 1
"1452" -1.005133 "20" -1.6193 0 1 1 0 1 0 0 1
"1453" -0.765579 "20" -10.6193 0 0 1 0 1 0 0 1
"1454" 0.432192 "20" 0.3807 0 1 1 0 1 0 0 1
"1455" -0.925282 "20" -13.6193 0 0 1 0 1 0 0 1
"1456" -0.206618 "20" -11.6193 0 0 1 0 1 0 0 1
"1457" -0.84543 "20" -12.6193 0 0 1 0 1 0 0 1
"1458" -0.68572 "20" -6.6193 0 1 1 0 1 0 0 1
"1459" 0.032935 "20" 0.3807 0 1 1 0 1 0 0 1
"1460" -0.685727 "20" -1.6193 0 1 1 0 1 0 0 1
"1461" 0.192638 "20" -20.6193 0 0 1 0 1 0 0 1
"1462" 0.991153 "20" -2.6193 0 1 1 0 1 0 0 1
"1463" 0.112787 "20" -0.6193 0 1 1 0 1 0 0 1
"1464" -0.925282 "21" -19.6193 0 0 1 0 0 0 0 0
"1465" -0.28647 "21" -21.6193 0 0 1 0 0 0 0 0
"1466" -0.526024 "21" -1.6193 0 1 0 0 0 0 0 0
"1467" -0.84543 "21" -7.6193 0 1 0 0 0 0 0 0
"1468" 0.352341 "21" 14.3807 0 1 1 0 0 0 0 0
"1469" -1.324539 "21" -30.6193 0 0 0 0 0 0 0 0
"1470" -1.084985 "21" -34.6193 0 0 0 0 0 0 0 0
"1471" 0.112787 "21" 7.3807 0 1 0 0 0 0 0 0
"1472" -0.366321 "21" -1.6193 0 1 0 0 0 0 0 0
"1473" 1.310559 "21" 13.3807 0 1 0 0 0 0 0 0
"1474" 1.310559 "21" 6.3807 0 1 1 0 0 0 0 0
"1475" 0.591895 "21" 5.3807 0 1 0 0 0 0 0 0
"1476" -0.206618 "21" -14.6193 0 1 0 0 0 0 0 0
"1477" -1.484242 "21" -20.6193 0 0 0 0 0 0 0 0
"1478" -1.324539 "21" -20.6193 0 0 0 0 0 0 0 0
"1479" 1.550113 "21" 7.3807 1 0 0 0 0 0 0 0
"1480" 0.272489 "21" -12.6193 0 0 0 0 0 0 0 0
"1481" -2.123054 "21" -30.6193 0 0 0 0 0 0 0 0
"1482" 0.751598 "21" -6.6193 0 1 1 0 0 0 0 0
"1483" 0.512044 "21" -5.6193 0 1 0 0 0 0 0 0
"1484" -1.643945 "21" -5.6193 0 1 0 0 0 0 0 0
"1485" 1.869519 "21" 21.3807 1 0 1 0 0 0 0 0
"1486" -0.28647 "21" -10.6193 0 1 0 0 0 0 0 0
"1487" -1.643945 "21" -19.6193 0 0 0 0 0 0 0 0
"1488" -1.005133 "21" 1.3807 0 1 1 0 0 0 0 0
"1489" -0.046915 "21" 3.3807 0 1 1 0 0 0 0 0
"1490" -1.723796 "21" -5.6193 0 0 0 0 0 0 0 0
"1491" 0.352341 "21" 6.3807 0 1 0 0 0 0 0 0
"1492" 0.911301 "21" -0.6193 0 1 1 0 0 0 0 0
"1493" -0.605876 "21" -15.6193 0 0 0 0 0 0 0 0
"1494" -0.28647 "21" 1.3807 0 1 1 0 0 0 0 0
"1495" 0.432192 "21" 7.3807 0 1 0 0 0 0 0 0
"1496" -0.605876 "21" -0.6193 0 0 1 0 0 0 0 0
"1497" 0.112787 "21" -11.6193 0 0 0 0 0 0 0 0
"1498" -0.206618 "21" -17.6193 0 0 0 0 0 0 0 0
"1499" -0.925282 "21" -21.6193 0 0 0 0 0 0 0 0
"1500" -0.046915 "21" -13.6193 0 1 0 0 0 0 0 0
"1501" 1.230707 "21" 13.3807 1 0 1 0 0 0 0 0
"1502" 0.991153 "21" -5.6193 0 1 1 0 0 0 0 0
"1503" -1.484242 "21" -18.6193 0 1 1 0 0 0 0 0
"1504" 0.911301 "21" 0.3807 0 1 0 0 0 0 0 0
"1505" -1.64394 "21" -26.6193 0 0 1 0 0 0 0 0
"1506" 0.751598 "22" 14.3807 1 0 0 0 0 0 1 0
"1507" 0.671747 "22" 1.3807 0 1 0 0 0 0 1 0
"1508" 0.192638 "22" 1.3807 1 0 0 0 0 0 1 0
"1509" -1.244688 "22" -0.6193 0 1 0 0 0 0 1 0
"1510" -1.244688 "22" -18.6193 0 0 0 0 0 0 1 0
"1511" -0.526024 "22" -14.6193 0 1 0 0 0 0 1 0
"1512" -0.28647 "22" -10.6193 0 0 0 0 0 0 1 0
"1513" 0.112787 "22" 1.3807 0 0 1 0 0 0 1 0
"1514" 0.991153 "22" 17.3807 1 0 0 0 0 0 1 0
"1515" 0.432192 "22" -13.6193 0 1 1 0 0 0 1 0
"1516" 1.150856 "22" 7.3807 1 0 0 0 0 0 1 0
"1517" -0.84543 "22" -4.6193 0 1 1 0 0 0 1 0
"1518" -0.765579 "22" -2.6193 0 1 0 0 0 0 1 0
"1519" 0.112787 "22" -5.6193 0 1 0 0 0 0 1 0
"1520" 0.991153 "22" 17.3807 0 1 0 0 0 0 1 0
"1521" 0.192638 "22" 8.3807 1 0 1 0 0 0 1 0
"1522" -0.28647 "22" -2.6193 0 0 1 0 0 0 1 0
"1523" 1.150856 "22" 15.3807 0 1 0 0 0 0 1 0
"1524" 1.310559 "22" 26.3807 1 0 1 0 0 0 1 0
"1525" 0.911301 "22" 1.3807 0 1 1 0 0 0 1 0
"1526" -0.526024 "22" -0.6193 0 1 0 0 0 0 1 0
"1527" -0.28647 "22" -6.6193 0 0 1 0 0 0 1 0
"1528" 0.591895 "22" 7.3807 1 0 1 0 0 0 1 0
"1529" -0.126767 "22" -4.6193 0 0 0 0 0 0 1 0
"1530" -0.366321 "22" 1.3807 0 1 1 0 0 0 1 0
"1531" -1.244688 "22" -21.6193 0 0 1 0 0 0 1 0
"1532" -0.28647 "22" -12.6193 0 0 1 0 0 0 1 0
"1533" 0.83145 "22" 4.3807 1 0 1 0 0 0 1 0
"1534" 0.591895 "22" 5.3807 0 1 0 0 0 0 1 0
"1535" -0.685727 "22" -4.6193 1 0 0 0 0 0 1 0
"1536" -0.126767 "22" 1.3807 0 1 1 0 0 0 1 0
"1537" -1.244688 "22" -1.6193 0 1 0 0 0 0 1 0
"1538" -1.084985 "22" -2.6193 0 0 1 0 0 0 1 0
"1539" 0.591895 "22" 12.3807 1 0 1 0 0 0 1 0
"1540" 2.268776 "22" 4.3807 1 0 0 0 0 0 1 0
"1541" -1.324539 "22" -33.6193 0 0 0 0 0 0 1 0
"1542" 1.39041 "22" 1.3807 1 0 0 0 0 0 1 0
"1543" 0.032935 "22" 20.3807 1 0 0 0 0 0 1 0
"1544" 0.911301 "22" 29.3807 1 0 0 0 0 0 1 0
"1545" -0.685727 "22" -1.6193 0 0 0 0 0 0 1 0
"1546" 0.192638 "22" 5.3807 1 0 1 0 0 0 1 0
"1547" 0.991153 "22" 3.3807 1 0 1 0 0 0 1 0
"1548" -0.925282 "22" 0.3807 0 1 0 0 0 0 1 0
"1549" 0.512044 "22" -4.6193 0 1 0 0 0 0 1 0
"1550" -0.206618 "22" -5.6193 0 1 0 0 0 0 1 0
"1551" 1.789667 "22" 3.3807 0 1 1 0 0 0 1 0
"1552" 1.31055 "22" 3.3807 0 1 1 0 0 0 1 0
"1553" 1.709816 "22" 15.3807 0 1 0 0 0 0 1 0
"1554" 1.789667 "22" -1.6193 0 1 0 0 0 0 1 0
"1555" -0.28647 "22" -4.6193 0 1 1 0 0 0 1 0
"1556" 0.352341 "22" -12.6193 0 1 1 0 0 0 1 0
"1557" -0.84543 "22" -1.6193 0 0 0 0 0 0 1 0
"1558" 2.188925 "22" 4.3807 1 0 0 0 0 0 1 0
"1559" -0.84543 "22" -5.6193 0 1 1 0 0 0 1 0
"1560" 0.032935 "22" -0.6193 0 1 1 0 0 0 1 0
"1561" 0.432192 "22" 3.3807 0 1 1 0 0 0 1 0
"1562" -0.765579 "22" 11.3807 1 0 0 0 0 0 1 0
"1563" 0.751598 "22" 1.3807 1 0 1 0 0 0 1 0
"1564" 0.112787 "22" 2.3807 1 0 0 0 0 0 1 0
"1565" 0.911301 "22" 14.3807 1 0 0 0 0 0 1 0
"1566" 1.39041 "22" 11.3807 0 1 0 0 0 0 1 0
"1567" -0.84543 "22" -2.6193 0 0 0 0 0 0 1 0
"1568" -0.28647 "22" -1.6193 0 1 0 0 0 0 1 0
"1569" -0.765579 "22" 1.3807 0 1 1 0 0 0 1 0
"1570" 0.432192 "22" -2.6193 0 1 0 0 0 0 1 0
"1571" 0.671747 "23" 23.3807 1 0 0 0 0 0 0 0
"1572" 0.192638 "23" -5.6193 0 1 0 0 0 0 0 0
"1573" -0.28647 "23" 4.3807 0 0 0 0 0 0 0 0
"1574" -2.043202 "23" -21.6193 0 1 1 0 0 0 0 0
"1575" -1.883499 "23" -30.6193 0 0 0 0 0 0 0 0
"1576" 0.83145 "23" 2.3807 0 1 0 0 0 0 0 0
"1577" -1.643945 "23" -14.6193 0 0 1 0 0 0 0 0
"1578" 1.789667 "23" 2.3807 0 1 1 0 0 0 0 0
"1579" -0.605876 "23" 11.3807 0 1 0 0 0 0 0 0
"1580" 1.230707 "23" -1.6193 0 1 1 0 0 0 0 0
"1581" -2.123054 "23" -9.6193 0 0 0 0 0 0 0 0
"1582" 0.352341 "23" 6.3807 1 0 0 0 0 0 0 0
"1583" -1.324539 "23" -13.6193 0 0 0 0 0 0 0 0
"1584" -1.484242 "23" -26.6193 0 0 1 0 0 0 0 0
"1585" 1.550113 "23" 12.3807 1 0 0 0 0 0 0 0
"1586" 1.709816 "23" 11.3807 1 0 0 0 0 0 0 0
"1587" 1.789667 "23" 17.3807 1 0 0 0 0 0 0 0
"1588" -1.484242 "23" -33.6193 0 0 0 0 0 0 0 0
"1589" -1.40439 "23" -5.6193 0 1 0 0 0 0 0 0
"1590" 1.709816 "23" 29.3807 1 0 0 0 0 0 0 0
"1591" -0.28647 "23" -8.6193 0 1 0 0 0 0 0 0
"1592" -1.164836 "23" -26.6193 0 0 1 0 0 0 0 0
"1593" -0.685727 "23" 3.3807 0 1 0 0 0 0 0 0
"1594" 0.671747 "23" -16.6193 0 1 0 0 0 0 0 0
"1595" 0.671747 "23" 5.3807 0 1 1 0 0 0 0 0
"1596" -0.366321 "23" -4.6193 0 1 1 0 0 0 0 0
"1597" -0.366321 "24" -5.6193 0 1 1 0 1 0 0 0
"1598" 0.512044 "24" -6.6193 0 1 1 0 1 0 0 0
"1599" 0.11278 "24" -1.6193 0 1 1 0 1 0 0 0
"1600" 1.071004 "24" 6.3807 0 1 1 0 1 0 0 0
"1601" 0.751598 "24" -1.6193 0 1 1 0 1 0 0 0
"1602" 1.629965 "24" 2.3807 0 1 1 0 1 0 0 0
"1603" -0.046915 "24" 7.3807 0 1 1 0 1 0 0 0
"1604" 0.991153 "24" 11.3807 0 1 1 0 1 0 0 0
"1605" 0.591895 "24" -1.6193 0 1 1 0 1 0 0 0
"1606" 0.911301 "24" -2.6193 0 1 1 0 1 0 0 0
"1607" 0.83145 "24" 16.3807 1 0 1 0 1 0 0 0
"1608" 0.591895 "24" -5.6193 0 1 1 0 1 0 0 0
"1609" -0.28647 "24" -2.6193 0 1 1 0 1 0 0 0
"1610" 0.192638 "24" -11.6193 0 0 1 0 1 0 0 0
"1611" -1.005133 "24" -2.6193 0 1 1 0 1 0 0 0
"1612" -0.28647 "24" -0.6193 0 1 1 0 1 0 0 0
"1613" -0.526024 "24" -4.6193 0 1 1 0 1 0 0 0
"1614" 1.150856 "24" 1.3807 1 0 1 0 1 0 0 0
"1615" 1.230707 "24" 20.3807 0 1 1 0 1 0 0 0
"1616" -0.685727 "24" -11.6193 0 1 1 0 1 0 0 0
"1617" -0.526024 "24" -2.6193 0 1 1 0 1 0 0 0
"1618" -0.126767 "24" -13.6193 0 1 1 0 1 0 0 0
"1619" 1.150856 "24" -15.6193 0 1 1 0 1 0 0 0
"1620" -0.28647 "24" 7.3807 0 1 1 0 1 0 0 0
"1621" -0.685727 "24" -3.6193 0 1 1 0 1 0 0 0
"1622" -1.005133 "24" 1.3807 0 1 1 0 1 0 0 0
"1623" -1.564093 "24" -7.6193 0 1 1 0 1 0 0 0
"1624" 1.150856 "24" 16.3807 1 0 1 0 1 0 0 0
"1625" -1.084985 "24" -4.6193 0 0 1 0 1 0 0 0
"1626" 0.272489 "24" 0.3807 1 0 1 0 1 0 0 0
"1627" -0.685727 "24" -3.6193 0 1 1 0 1 0 0 0
"1628" 1.230707 "24" -6.6193 0 1 1 0 1 0 0 0
"1629" 1.629965 "24" 20.3807 1 0 1 0 1 0 0 0
"1630" 0.512044 "24" -8.6193 0 1 1 0 1 0 0 0
"1631" 0.83145 "24" 12.3807 0 1 1 0 1 0 0 0
"1632" 0.432192 "24" 1.3807 1 0 1 0 1 0 0 0
"1633" 0.272489 "24" -17.6193 0 1 1 0 1 0 0 0
"1634" -0.206618 "24" -3.6193 0 1 1 0 1 0 0 0
"1635" -0.206618 "25" -18.6193 0 1 0 1 0 0 0 0
"1636" -1.564093 "25" -13.6193 0 1 0 1 0 0 0 0
"1637" 1.310559 "25" 23.3807 1 0 0 1 0 0 0 0
"1638" -1.564093 "25" -15.6193 0 1 0 1 0 0 0 0
"1639" 0.112787 "25" -9.6193 0 1 0 1 0 0 0 0
"1640" -1.564093 "25" -10.6193 0 0 0 1 0 0 0 0
"1641" 1.789667 "25" 4.3807 0 1 0 1 0 0 0 0
"1642" -0.84543 "25" -21.6193 0 0 0 1 0 0 0 0
"1643" -0.925282 "25" 4.3807 0 1 0 1 0 0 0 0
"1644" 1.39041 "25" -17.6193 0 1 0 1 0 0 0 0
"1645" -0.366321 "25" -5.6193 0 1 0 1 0 0 0 0
"1646" -0.84543 "25" -0.6193 1 0 0 1 0 0 0 0
"1647" -0.765579 "25" 9.3807 0 1 0 1 0 0 0 0
"1648" -0.765579 "25" -15.6193 0 0 0 1 0 0 0 0
"1649" 0.591895 "25" -5.6193 0 1 0 1 0 0 0 0
"1650" -1.723796 "25" -16.6193 0 0 0 1 0 0 0 0
"1651" -1.723796 "25" -17.6193 0 1 0 1 0 0 0 0
"1652" -1.643945 "25" -0.6193 0 1 0 1 0 0 0 0
"1653" 0.512044 "25" 13.3807 0 1 0 1 0 0 0 0
"1654" -1.084985 "25" 13.3807 1 0 0 1 0 0 0 0
"1655" 0.352341 "25" 3.3807 1 0 0 1 0 0 0 0
"1656" 0.911301 "25" -7.6193 0 1 0 1 0 0 0 0
"1657" 0.83145 "25" 17.3807 1 0 0 1 0 0 0 0
"1658" -1.484242 "25" -3.6193 0 1 0 1 0 0 0 0
"1659" -0.446173 "25" 11.3807 0 1 0 1 0 0 0 0
"1660" -1.084985 "25" -3.6193 0 1 0 1 0 0 0 0
"1661" -1.803648 "25" -9.6193 0 0 0 1 0 0 0 0
"1662" 0.512044 "25" 8.3807 0 1 0 1 0 0 0 0
"1663" 0.512044 "25" 8.3807 1 0 0 1 0 0 0 0
"1664" -0.685727 "25" 5.3807 0 1 0 1 0 0 0 0
"1665" -0.765579 "25" -3.6193 0 1 0 1 0 0 0 0
"1666" -0.046915 "25" 6.3807 1 0 0 1 0 0 0 0
"1667" -0.526024 "25" -5.6193 0 1 0 1 0 0 0 0
"1668" -1.484242 "25" -19.6193 0 0 0 1 0 0 0 0
"1669" -1.164836 "25" -30.6193 0 1 0 1 0 0 0 0
"1670" 2.268776 "25" 10.3807 1 0 0 1 0 0 0 0
"1671" 1.071004 "25" 19.3807 1 0 0 1 0 0 0 0
"1672" 1.150856 "25" 8.3807 1 0 0 1 0 0 0 0
"1673" 0.192638 "25" 13.3807 0 1 0 1 0 0 0 0
"1674" -0.925282 "25" -0.6193 0 1 0 1 0 0 0 0
"1675" 0.911301 "25" 16.3807 1 0 0 1 0 0 0 0
"1676" 0.751598 "25" 16.3807 1 0 0 1 0 0 0 0
"1677" 0.591895 "25" 7.3807 1 0 0 1 0 0 0 0
"1678" -0.28647 "25" 2.3807 0 1 0 1 0 0 0 0
"1679" 0.991153 "25" 13.3807 1 0 0 1 0 0 0 0
"1680" 0.112787 "25" -1.6193 0 1 0 1 0 0 0 0
"1681" -0.446173 "25" 2.3807 0 1 0 1 0 0 0 0
"1682" 0.512044 "25" -31.6193 0 1 0 1 0 0 0 0
"1683" 0.751598 "25" 5.3807 0 1 0 1 0 0 0 0
"1684" 0.192638 "25" -0.6193 0 1 0 1 0 0 0 0
"1685" 1.94937 "25" 21.3807 1 0 0 1 0 0 0 0
"1686" -0.605876 "25" 21.3807 1 0 0 1 0 0 0 0
"1687" 0.272489 "25" -10.6193 0 1 0 1 0 0 0 0
"1688" 0.192638 "25" -13.6193 0 1 0 1 0 0 0 0
"1689" 2.268776 "25" 36.3807 1 0 0 1 0 0 0 0
"1690" 0.83145 "25" -2.6193 0 1 0 1 0 0 0 0
"1691" 0.751598 "25" 21.3807 1 0 0 1 0 0 0 0
"1692" -0.126767 "25" -13.6193 0 1 0 1 0 0 0 0
"1693" -0.20661 "25" -0.6193 1 0 0 1 0 0 0 0
"1694" -0.28647 "25" -26.6193 0 0 0 1 0 0 0 0
"1695" -0.126767 "25" -13.6193 0 1 0 1 0 0 0 0
"1696" -1.324539 "25" -13.6193 0 1 0 1 0 0 0 0
"1697" -0.84543 "25" -13.6193 0 1 0 1 0 0 0 0
"1698" 0.032935 "25" -0.6193 0 1 0 1 0 0 0 0
"1699" 0.671747 "25" 25.3807 1 0 0 1 0 0 0 0
"1700" -1.643945 "25" -4.6193 1 0 0 1 0 0 0 0
"1701" 0.432192 "25" 6.3807 0 1 0 1 0 0 0 0
"1702" 0.192638 "25" 17.3807 1 0 0 1 0 0 0 0
"1703" -0.925282 "25" -13.6193 0 0 0 1 0 0 0 0
"1704" -0.765579 "25" 2.3807 0 0 0 1 0 0 0 0
"1705" 0.751598 "26" 20.3807 1 0 0 1 0 0 0 0
"1706" 0.112787 "26" -23.6193 0 0 0 1 0 0 0 0
"1707" -0.685727 "26" -6.6193 0 1 0 1 0 0 0 0
"1708" -0.366321 "26" -7.6193 0 1 0 1 0 0 0 0
"1709" 0.272489 "26" -5.6193 0 0 0 1 0 0 0 0
"1710" -0.126767 "26" 3.3807 0 1 0 1 0 0 0 0
"1711" -1.803648 "26" -24.6193 0 0 0 1 0 0 0 0
"1712" -1.484242 "26" -24.6193 0 0 0 1 0 0 0 0
"1713" -1.164836 "26" -13.6193 0 0 0 1 0 0 0 0
"1714" -0.765579 "26" -25.6193 0 0 0 1 0 0 0 0
"1715" 0.112787 "26" -13.6193 0 1 0 1 0 0 0 0
"1716" -0.765579 "26" 13.3807 0 1 0 1 0 0 0 0
"1717" -0.685727 "26" -6.6193 0 1 0 1 0 0 0 0
"1718" -0.765579 "26" -25.6193 0 0 0 1 0 0 0 0
"1719" -1.244688 "26" -28.6193 0 0 0 1 0 0 0 0
"1720" -0.925282 "26" 7.3807 0 0 0 1 0 0 0 0
"1721" 0.112787 "26" -2.6193 0 0 0 1 0 0 0 0
"1722" -1.643945 "26" 1.3807 0 1 0 1 0 0 0 0
"1723" -1.40439 "26" -5.6193 0 1 0 1 0 0 0 0
"1724" -0.28647 "26" 1.3807 0 1 0 1 0 0 0 0
"1725" 0.192638 "26" -12.6193 0 1 0 1 0 0 0 0
"1726" -0.046915 "26" -1.6193 0 1 0 1 0 0 0 0
"1727" 0.591895 "27" -2.6193 0 1 0 0 0 0 0 0
"1728" -1.564093 "27" -25.6193 0 0 1 0 0 0 0 0
"1729" 1.230707 "27" 9.3807 1 0 1 0 0 0 0 0
"1730" 0.911301 "27" 3.3807 0 1 0 0 0 0 0 0
"1731" -0.925282 "27" -1.6193 0 1 1 0 0 0 0 0
"1732" -0.28647 "27" -10.6193 0 1 1 0 0 0 0 0
"1733" 0.911301 "27" 11.3807 1 0 1 0 0 0 0 0
"1734" -0.28647 "27" -10.6193 0 1 1 0 0 0 0 0
"1735" 1.150856 "27" 7.3807 1 0 1 0 0 0 0 0
"1736" -0.046915 "27" 1.3807 0 1 0 0 0 0 0 0
"1737" 0.432192 "27" 23.3807 0 1 0 0 0 0 0 0
"1738" -0.126767 "27" -9.6193 0 1 0 0 0 0 0 0
"1739" 1.869519 "27" 7.3807 1 0 1 0 0 0 0 0
"1740" -0.92528 "27" -9.6193 0 1 0 0 0 0 0 0
"1741" -0.925282 "27" 5.3807 0 1 1 0 0 0 0 0
"1742" -0.84543 "27" -7.6193 0 1 0 0 0 0 0 0
"1743" 0.591895 "27" -4.6193 0 1 0 0 0 0 0 0
"1744" -1.244688 "27" -6.6193 0 0 0 0 0 0 0 0
"1745" -0.925282 "27" -11.6193 0 1 1 0 0 0 0 0
"1746" 2.188925 "27" 25.3807 1 0 1 0 0 0 0 0
"1747" 0.751598 "27" 15.3807 1 0 0 0 0 0 0 0
"1748" -1.723796 "27" -22.6193 0 0 1 0 0 0 0 0
"1749" 1.629965 "27" 7.3807 0 1 1 0 0 0 0 0
"1750" 0.991153 "27" 17.3807 1 0 0 0 0 0 0 0
"1751" 0.112787 "27" -13.6193 0 1 0 0 0 0 0 0
"1752" -0.84543 "27" -13.6193 0 1 0 0 0 0 0 0
"1753" -1.723796 "27" -29.6193 0 0 0 0 0 0 0 0
"1754" -0.605876 "27" 6.3807 0 1 1 0 0 0 0 0
"1755" 0.112787 "27" 5.3807 0 1 0 0 0 0 0 0
"1756" -1.084985 "27" -0.6193 0 1 1 0 0 0 0 0
"1757" -1.244688 "27" -19.6193 0 0 0 0 0 0 0 0
"1758" -1.244688 "27" -23.6193 0 0 1 0 0 0 0 0
"1759" 0.032935 "27" 4.3807 0 1 0 0 0 0 0 0
"1760" 0.432192 "27" 14.3807 0 1 0 0 0 0 0 0
"1761" -1.643945 "27" -2.6193 0 0 1 0 0 0 0 0
"1762" -1.244688 "27" -16.6193 0 1 0 0 0 0 0 0
"1763" 1.39041 "27" 20.3807 0 1 0 0 0 0 0 0
"1764" -0.925282 "27" -11.6193 0 1 0 0 0 0 0 0
"1765" -1.40439 "27" 7.3807 0 1 0 0 0 0 0 0
"1766" 0.352341 "27" 7.3807 0 1 0 0 0 0 0 0
"1767" 1.150856 "27" 8.3807 1 0 1 0 0 0 0 0
"1768" -0.366321 "27" -8.6193 0 1 1 0 0 0 0 0
"1769" 0.192638 "27" 18.3807 0 1 1 0 0 0 0 0
"1770" -1.164836 "27" -4.6193 0 1 1 0 0 0 0 0
"1771" -0.366321 "27" 3.3807 0 1 0 0 0 0 0 0
"1772" -1.244688 "27" -3.6193 0 1 0 0 0 0 0 0
"1773" -1.084985 "27" -4.6193 0 0 0 0 0 0 0 0
"1774" 1.550113 "27" -0.6193 0 1 0 0 0 0 0 0
"1775" -0.685727 "27" 5.3807 0 1 0 0 0 0 0 0
"1776" 0.911301 "27" 2.3807 0 1 1 0 0 0 0 0
"1777" 1.230707 "27" 5.3807 1 0 1 0 0 0 0 0
"1778" 0.192638 "27" -24.6193 0 0 0 0 0 0 0 0
"1779" -0.925282 "27" -18.6193 0 0 0 0 0 0 0 0
"1780" -1.40439 "27" -13.6193 0 1 0 0 0 0 0 0
"1781" 0.751598 "28" -11.6193 0 1 1 0 1 0 1 0
"1782" -0.366321 "28" -0.6193 0 1 1 0 1 0 1 0
"1783" 0.751598 "28" 7.3807 0 1 1 0 1 0 1 0
"1784" -0.206618 "28" -7.6193 0 0 1 0 1 0 1 0
"1785" 0.591895 "28" 16.3807 0 1 1 0 1 0 1 0
"1786" 0.751598 "28" 17.3807 1 0 1 0 1 0 1 0
"1787" -0.36632 "28" -34.6193 0 1 1 0 1 0 1 0
"1788" -0.126767 "28" 9.3807 0 1 1 0 1 0 1 0
"1789" -0.685727 "28" -10.6193 0 1 1 0 1 0 1 0
"1790" -0.446173 "28" -8.6193 0 1 1 0 1 0 1 0
"1791" -0.046915 "28" -23.6193 0 0 1 0 1 0 1 0
"1792" -0.925282 "28" -11.6193 0 1 1 0 1 0 1 0
"1793" 0.032935 "28" -1.6193 1 0 1 0 1 0 1 0
"1794" -1.244688 "28" -10.6193 0 1 1 0 1 0 1 0
"1795" 0.112787 "28" -1.6193 1 0 1 0 1 0 1 0
"1796" -0.126767 "28" -6.6193 0 1 1 0 1 0 1 0
"1797" -0.126767 "28" -2.6193 0 1 1 0 1 0 1 0
"1798" 0.432192 "28" 5.3807 0 1 1 0 1 0 1 0
"1799" 1.94937 "28" 24.3807 1 0 1 0 1 0 1 0
"1800" 0.83145 "28" 1.3807 0 1 1 0 1 0 1 0
"1801" 0.112787 "28" 19.3807 1 0 1 0 1 0 1 0
"1802" -1.005133 "28" -23.6193 0 0 1 0 1 0 1 0
"1803" 2.109073 "28" 21.3807 1 0 1 0 1 0 1 0
"1804" -0.84543 "28" -15.6193 0 0 1 0 1 0 1 0
"1805" 1.629965 "28" 17.3807 1 0 1 0 1 0 1 0
"1806" -0.446173 "28" -4.6193 0 1 1 0 1 0 1 0
"1807" 1.39041 "28" 14.3807 0 1 1 0 1 0 1 0
"1808" 0.751598 "28" -8.6193 0 1 1 0 1 0 1 0
"1809" -0.28647 "28" -20.6193 0 0 1 0 1 0 1 0
"1810" 0.512044 "28" 0.3807 1 0 1 0 1 0 1 0
"1811" -1.005133 "28" -4.6193 0 0 1 0 1 0 1 0
"1812" -0.28647 "28" -6.6193 0 0 1 0 1 0 1 0
"1813" 0.432192 "28" 18.3807 0 1 1 0 1 0 1 0
"1814" -0.685727 "28" -5.6193 0 1 1 0 1 0 1 0
"1815" 0.272489 "28" 0.3807 0 1 1 0 1 0 1 0
"1816" -0.446173 "28" -21.6193 0 1 1 0 1 0 1 0
"1817" 1.470262 "28" 8.3807 1 0 1 0 1 0 1 0
"1818" 0.751598 "28" 7.3807 0 1 1 0 1 0 1 0
"1819" 0.512044 "28" -11.6193 0 0 1 0 1 0 1 0
"1820" -0.526024 "28" -7.6193 0 1 1 0 1 0 1 0
"1821" 1.230707 "28" 23.3807 1 0 1 0 1 0 1 0
"1822" -1.005133 "28" -22.6193 0 0 1 0 1 0 1 0
"1823" 1.550113 "28" -0.6193 1 0 1 0 1 0 1 0
"1824" 0.911301 "28" 4.3807 0 1 1 0 1 0 1 0
"1825" -0.366321 "28" -3.6193 0 1 1 0 1 0 1 0
"1826" -1.084985 "28" -0.6193 0 1 1 0 1 0 1 0
"1827" 0.352341 "28" -4.6193 0 1 1 0 1 0 1 0
"1828" 0.751598 "28" 6.3807 1 0 1 0 1 0 1 0
"1829" 0.432192 "29" 1.3807 0 1 0 1 0 0 1 0
"1830" -1.963351 "29" -18.6193 0 0 0 1 0 0 1 0
"1831" 1.071004 "29" 29.3807 1 0 0 1 0 0 1 0
"1832" 1.550113 "29" 10.3807 1 0 0 1 0 0 1 0
"1833" 0.991153 "29" -0.6193 0 1 0 1 0 0 1 0
"1834" -1.64394 "29" -3.6193 0 1 0 1 0 0 1 0
"1835" -0.765579 "29" -0.6193 0 1 0 1 0 0 1 0
"1836" 1.550113 "29" 1.3807 0 1 0 1 0 0 1 0
"1837" 1.071004 "29" 2.3807 0 1 0 1 0 0 1 0
"1838" 0.512044 "29" -9.6193 0 1 0 1 0 0 1 0
"1839" 1.869519 "29" 7.3807 1 0 0 1 0 0 1 0
"1840" -1.164836 "29" -14.6193 0 0 0 1 0 0 1 0
"1841" 0.991153 "29" 13.3807 0 1 0 1 0 0 1 0
"1842" 0.112787 "29" -4.6193 0 1 0 1 0 0 1 0
"1843" -0.84543 "29" 10.3807 0 1 0 1 0 0 1 0
"1844" 0.192638 "29" 16.3807 0 1 0 1 0 0 1 0
"1845" -0.526024 "29" -8.6193 0 1 0 1 0 0 1 0
"1846" -1.164836 "29" -6.6193 0 1 0 1 0 0 1 0
"1847" -2.043202 "29" -25.6193 0 0 0 1 0 0 1 0
"1848" 1.869519 "29" 8.3807 1 0 0 1 0 0 1 0
"1849" 0.032935 "29" -11.6193 0 1 0 1 0 0 1 0
"1850" -1.40439 "29" 5.3807 1 0 0 1 0 0 1 0
"1851" 0.192638 "29" 5.3807 0 1 0 1 0 0 1 0
"1852" 0.272489 "29" -9.6193 0 1 0 1 0 0 1 0
"1853" -0.765579 "29" 7.3807 0 1 0 1 0 0 1 0
"1854" -1.084985 "29" -18.6193 0 0 0 1 0 0 1 0
"1855" -0.126767 "29" 18.3807 0 1 0 1 0 0 1 0
"1856" 1.150856 "29" 6.3807 1 0 0 1 0 0 1 0
"1857" 1.629965 "29" 18.3807 1 0 0 1 0 0 1 0
"1858" -0.366321 "29" 12.3807 0 1 0 1 0 0 1 0
"1859" 1.150856 "29" 0.3807 0 1 0 1 0 0 1 0
"1860" -0.925282 "29" -11.6193 0 1 0 1 0 0 1 0
"1861" 0.671747 "29" 6.3807 1 0 0 1 0 0 1 0
"1862" -1.963351 "29" -27.6193 0 1 0 1 0 0 1 0
"1863" -1.803648 "29" -13.6193 0 0 0 1 0 0 1 0
"1864" 0.83145 "29" 1.3807 0 1 0 1 0 0 1 0
"1865" 0.112787 "29" -2.6193 0 1 0 1 0 0 1 0
"1866" -1.803648 "29" 2.3807 0 1 0 1 0 0 1 0
"1867" -0.446173 "29" -9.6193 0 1 0 1 0 0 1 0
"1868" 0.991153 "29" 20.3807 1 0 0 1 0 0 1 0
"1869" 1.230707 "29" -4.6193 0 1 0 1 0 0 1 0
"1870" 0.991153 "29" 4.3807 1 0 0 1 0 0 1 0
"1871" -0.206618 "29" -6.6193 0 1 0 1 0 0 1 0
"1872" 0.671747 "29" 4.3807 0 1 0 1 0 0 1 0
"1873" -0.605876 "29" -14.6193 0 1 0 1 0 0 1 0
"1874" 1.550113 "29" 8.3807 1 0 0 1 0 0 1 0
"1875" -0.28647 "29" 9.3807 1 0 0 1 0 0 1 0
"1876" -1.963351 "29" -13.6193 0 0 0 1 0 0 1 0
"1877" 1.230707 "29" -0.6193 1 0 0 1 0 0 1 0
"1878" 1.39041 "29" 5.3807 0 1 0 1 0 0 1 0
"1879" -0.526024 "29" 11.3807 0 1 0 1 0 0 1 0
"1880" -1.244688 "29" -25.6193 0 0 0 1 0 0 1 0
"1881" -0.36632 "29" -9.6193 0 0 0 1 0 0 1 0
"1882" 1.310559 "29" 17.3807 1 0 0 1 0 0 1 0
"1883" -1.963351 "29" -4.6193 0 1 0 1 0 0 1 0
"1884" 1.629965 "29" 12.3807 0 1 0 1 0 0 1 0
"1885" -1.324539 "29" -22.6193 0 0 0 1 0 0 1 0
"1886" -1.803648 "29" -6.6193 0 1 0 1 0 0 1 0
"1887" -0.28647 "29" 0.3807 0 1 0 1 0 0 1 0
"1888" 1.869519 "29" 18.3807 1 0 0 1 0 0 1 0
"1889" 1.470262 "29" 31.3807 1 0 0 1 0 0 1 0
"1890" 1.550113 "29" 18.3807 1 0 0 1 0 0 1 0
"1891" -0.446173 "29" -7.6193 0 1 0 1 0 0 1 0
"1892" -1.963351 "29" -8.6193 0 0 0 1 0 0 1 0
"1893" 1.470262 "29" 16.3807 0 1 0 1 0 0 1 0
"1894" 0.512044 "29" -4.6193 0 1 0 1 0 0 1 0
"1895" -1.883499 "29" 4.3807 0 0 0 1 0 0 1 0
"1896" -1.883499 "29" -4.6193 0 1 0 1 0 0 1 0
"1897" -0.605876 "29" 8.3807 1 0 0 1 0 0 1 0
"1898" -0.366321 "29" -6.6193 0 1 0 1 0 0 1 0
"1899" -1.084985 "29" 15.3807 1 0 0 1 0 0 1 0
"1900" -0.366321 "30" 9.3807 0 1 1 0 1 0 0 0
"1901" 1.230707 "30" 3.3807 1 0 1 0 1 0 0 0
"1902" 0.512044 "30" -8.6193 0 0 1 0 1 0 0 0
"1903" 1.071004 "30" 5.3807 0 1 1 0 1 0 0 0
"1904" -0.765579 "30" -29.6193 0 0 1 0 1 0 0 0
"1905" -1.244688 "30" -34.6193 0 0 1 0 1 0 0 0
"1906" -0.526024 "30" -11.6193 0 0 1 0 1 0 0 0
"1907" -1.244688 "30" -13.6193 0 1 1 0 1 0 0 0
"1908" -0.605876 "30" 5.3807 0 1 1 0 1 0 0 0
"1909" -1.40439 "30" -6.6193 0 0 1 0 1 0 0 0
"1910" -0.526024 "30" 7.3807 0 1 1 0 1 0 0 0
"1911" 0.671747 "30" -22.6193 0 0 1 0 1 0 0 0
"1912" 1.94937 "30" -3.6193 0 1 1 0 1 0 0 0
"1913" 0.512044 "30" -9.6193 0 1 1 0 1 0 0 0
"1914" 0.352341 "30" -11.6193 0 1 1 0 1 0 0 0
"1915" -1.244688 "30" -10.6193 0 1 1 0 1 0 0 0
"1916" -0.366321 "30" -18.6193 0 0 1 0 1 0 0 0
"1917" 1.550113 "30" 4.3807 1 0 1 0 1 0 0 0
"1918" -1.564093 "30" -9.6193 0 1 1 0 1 0 0 0
"1919" -0.366321 "30" -3.6193 0 1 1 0 1 0 0 0
"1920" 0.911301 "30" -2.6193 0 1 1 0 1 0 0 0
"1921" 2.348628 "30" 9.3807 1 0 1 0 1 0 0 0
"1922" 1.629965 "30" 6.3807 0 1 1 0 1 0 0 0
"1923" 0.671747 "30" -3.6193 0 1 1 0 1 0 0 0
"1924" 0.991153 "30" 16.3807 1 0 1 0 1 0 0 0
"1925" -0.046915 "30" 10.3807 1 0 1 0 1 0 0 0
"1926" 0.192638 "30" 3.3807 0 1 1 0 1 0 0 0
"1927" -0.366321 "30" -15.6193 0 1 1 0 1 0 0 0
"1928" -0.28647 "30" -27.6193 0 1 1 0 1 0 0 0
"1929" 1.310559 "30" -0.6193 0 1 1 0 1 0 0 0
"1930" -0.925282 "30" -19.6193 0 1 1 0 1 0 0 0
"1931" 1.310559 "30" 10.3807 0 1 1 0 1 0 0 0
"1932" 1.310559 "30" 3.3807 0 1 1 0 1 0 0 0
"1933" 1.629965 "30" 9.3807 1 0 1 0 1 0 0 0
"1934" 0.991153 "30" 3.3807 0 1 1 0 1 0 0 0
"1935" -0.685727 "30" 10.3807 0 1 1 0 1 0 0 0
"1936" -0.366321 "30" -2.6193 0 1 1 0 1 0 0 0
"1937" -0.605876 "30" 3.3807 0 1 1 0 1 0 0 0
"1938" 0.192638 "30" 11.3807 0 1 1 0 1 0 0 0
"1939" 1.789667 "30" 1.3807 1 0 1 0 1 0 0 0
"1940" -1.164836 "30" -14.6193 0 1 1 0 1 0 0 0
"1941" 0.032935 "30" 9.3807 0 1 1 0 1 0 0 0
"1942" 1.789667 "30" 7.3807 0 1 1 0 1 0 0 0
"1943" 0.112787 "30" 1.3807 0 1 1 0 1 0 0 0
"1944" 0.272489 "30" 3.3807 0 1 1 0 1 0 0 0
"1945" 1.39041 "30" -0.6193 0 1 1 0 1 0 0 0
"1946" -1.324539 "30" -13.6193 0 0 1 0 1 0 0 0
"1947" -0.84543 "30" 0.3807 0 1 1 0 1 0 0 0
"1948" 0.591895 "30" -5.6193 0 1 1 0 1 0 0 0
"1949" -1.084985 "30" -16.6193 0 0 1 0 1 0 0 0
"1950" 0.751598 "30" -5.6193 0 1 1 0 1 0 0 0
"1951" 0.512044 "30" 1.3807 0 1 1 0 1 0 0 0
"1952" -0.206618 "30" 2.3807 0 1 1 0 1 0 0 0
"1953" 0.991153 "30" 5.3807 1 0 1 0 1 0 0 0
"1954" 1.071004 "30" 11.3807 1 0 1 0 1 0 0 0
"1955" -0.526024 "30" -16.6193 0 0 1 0 1 0 0 0
"1956" 0.512044 "30" 11.3807 1 0 1 0 1 0 0 0
"1957" 0.591895 "30" 10.3807 0 1 1 0 1 0 0 0
"1958" 0.991153 "30" -9.6193 0 1 1 0 1 0 0 0
"1959" -0.366321 "30" -4.6193 1 0 1 0 1 0 0 0
"1960" -0.843612 "31" 2.3807 0 1 0 0 0 1 0 0
"1961" -1.560598 "32" -21.6193 0 0 0 0 0 0 0 0
"1962" -0.285956 "32" 2.3807 0 1 0 0 0 0 0 0
"1963" 2.183663 "32" 20.3807 1 0 0 0 0 0 0 0
"1964" 1.148016 "32" 12.3807 1 0 0 0 0 0 0 0
"1965" 0.112369 "32" 3.3807 0 1 1 0 0 0 0 0
"1966" 0.59036 "32" 11.3807 1 0 1 0 0 0 0 0
"1967" -1.799594 "32" -17.6193 0 0 0 0 0 0 0 0
"1968" 0.59036 "33" 11.3807 1 0 1 0 0 0 0 0
"1969" -0.684282 "34" -3.6193 0 1 1 0 1 0 0 0
"1970" -0.046961 "34" -4.6193 0 1 1 0 1 0 0 0
"1971" -1.799594 "35" -13.6193 0 1 1 0 1 0 0 0
"1972" 0.829355 "35" 15.3807 1 0 1 0 1 0 0 0
"1973" -0.684282 "36" -9.6193 0 1 1 0 0 0 1 0
"1974" 1.227681 "37" 20.3807 1 0 0 0 0 0 1 0
"1975" 2.422658 "37" 23.3807 1 0 0 0 0 0 1 0
"1976" 0.431029 "37" 11.3807 1 0 0 0 0 0 1 0
"1977" -1.560598 "37" -6.6193 0 0 0 0 0 0 1 0
"1978" 0.032704 "38" 15.3807 1 0 1 0 0 0 0 1
